    4610    6399    4878    5027    3080    6447    5354    4159    4001    6956    4708    5246
    3383    7422    7125    3079    5554    4831    5102    6514    2626    4097    2591    3617
    6851    5604    5464    4531    6768    7403    6802    3085    3390    4045    4051    5003
    6069    6657    3556    7243    6001    3817    2912    4422    5618    5987    4736    5354
    6406    4186    4782    5588    2550    6867    3654    6135    4665    6455    3734    5662
    7302    7358    3254    2519    4074    4884    4504    6201    3679    3602    3147    3629
    2873    2665    3561    2792    4332    3017    3064    4233    3457    4574    3793    3632
    2886    3330    4038    3468    6941    5972    5572    5819    4438    7476    6809    4910
    6047    4582    6459    6298    5222    6856    6033    3843    3494    7218    4976    4552
    4966    3756    6311    5979    7249    4120    5674    6894    4024    5266    7110    5829
    4546    2566    4893    6659    4259    4037    5368    5916    3088    6238    5702    4488
    2595    6567    3449    6960    7104    7127    6725    3213    5649    5956    3394    6971
    7409    7277    7166    5338    3908    6741    5627    4669    4463    5135    5452    3750
    4821    5220    4643    3226    5414    3307    4793    4070    5345    7485    2941    6606
    5054    5029    2986    5595    6867    7472    3609    4498    4020    3798    6452    5044
    4586    5844    6180    4051    5208    6741    5073    4873    4228    3588    4211    3695
    3860    5533    6222    3798    4433    5308    7287    3144    4838    6619    5036    7307
    3545    6240    4933    2919    3150    5014    4410    3124    5273    4876    6498    3369
    3721    3745    3821    5100    2871    2700    3030    4604    5491    5746    3420    7300
    3265    7309    4843    7267    5984    6832    2613    6266    2751    2533    2784    2817
    3052    3764    5598    4916    6050    3324    5654    2810    7246    5115    4185    5961
    4932    6342    4194    2949    3206    4834    6336    3699    5676    6216    5455    6964
    6185    6009    4083    5736    6913    6768    7262    6476    6443    2975    3938    3181
    2937    5118    3157    2511    3363    3224    5408    4763    3894    5261    7468    7285
    3773    7467    3791    7300    2588    3135    2923    6448    6586    6343    6537    3055
    6453    3376    6878    5992    3090    4963    4418    2634    5083    6345    7197    5589
    6844    5858    7458    2879    7095    5445    5233    4821    2721    5538    4748    7375
    6388    5343    2962    5101    5581    4654    5000    5646    4005    4650    2596    6195
    3950    5577    3474    5064    6610    3781    3961    3476    4131    6706    4950    5050
    7356    6188    3518    3812    5564    5187    6137    2841    5187    4506    2752    3752
    4407    4579    7415    5082    6625    3615    7024    5486    4366    3248    3804    6746
    5887    4312    5254    3024    4695    3421    3844    5686    6128    6910    5393    3007
    5697    5703    5896    3716    5244    2871    5999    3856    6502    5436    7026    6648
    3954    5478    6316    4930    5310    5447    7350    6341    3397    3066    3722    3746
    5404    3252    4788    2620    4236    6644    6497    6738    7468    6048    4582    3320
    5877    6999    3601    3808    4250    6804    2728    3209    3503    4096    3179    3000
    6033    3956    2973    2708    5196    5801    6750    6593    2561    6926    5630    5424
    4581    3325    4781    7088    4678    4839    5139    6369    3021    5859    4564    5766
    6173    6546    5617    3808    4005    6652    5858    4603    5525    4877    7143    3792
    4453    2819    6809    4313    7429    4180    7110    5438    4492    2696    6434    4815
    4673    6459    5556    3471    3443    5603    6035    4132    5965    5049    7223    5803
    2596    6778    5972    4272    5900    2810    5415    7462    5207    3980    2521    5230
    7497    3279    5762    7366    3941    6218    4117    3555    6889    4910    2513    7420
    2828    4643    5686    5959    2593    4055    3090    2893    6018    6364    6761    5217
    6879    5406    6034    4645    6794    5668    3325    3012    5351    4905    4630    5172
    5285    5345    4558    7277    3365    6050    6442    5177    7411    3299    4475    6199
    2812    3458    6450    5529    7432    2534    3522    5421    4881    5905    5429    5597
    6785    6143    4810    3457    3594    3376    5307    5385    4248    4477    6354    4136
    6140    2551    3727    6015    7193    5538    3006    4889    4338    7127    5436    3311
    2846    4021    7027    3549    2520    5140    5972    7380    4560    5332    3052    6274
    6024    6000    5841    4689    7407    4932    5994    5383    5567    6580    5903    3086
    5930    7399    3805    3766    3309    7288    2617    4532    3834    6213    6897    3333
    2761    3106    3490    5745    6859    3522    7310    6221    3406    6965    2696    7033
    2758    6879    6659    3506    5260    5357    4580    3611    6143    2845    3903    3271
    4638    4644    3206    6258    2719    3290    7177    5825    2977    6137    5028    6913
    5589    6752    6809    5015    7094    6605    4067    6665    2982    4752    3104    7252
    3146    7168    4729    5998    4607    3553    6844    3127    5494    6173    6065    5261
    4090    7075    3177    5607    4280    6697    3696    5148    2813    3259    4659    5554
    5613    3978    5512    3228    6943    3565    6128    5478    5123    3986    4860    4980
    5436    5988    3892    5445    4180    3142    5902    3578    3612    3494    2597    6987
    6744    5202    5578    7184    3124    2970    5135    7355    6999    3448    5525    6255
    3322    2508    5596    6378    3276    4646    4730    5236    4743    6591    4149    3583
    5478    4710    3102    4825    3225    5671    5124    4533    4796    5268    3665    5659
    3380    4005    7459    4364    4625    3880    2620    2762    7025    5765    5448    7079
    2819    6292    4179    3856    5689    6686    3456    7103    4273    6770    3774    5670
    4454    6727    6012    6224    6383    3664    5210    2763    6576    5564    3300    6644
    6045    6527    6509    7475    5303    3751    7151    4407    3847    7109    2955    6878
    6392    2823    6582    5457    5909    6184    7397    3738    3033    3752    6947    3403
    2593    4327    4887    5327    2934    3764    6157    7048    3084    6651    2664    4526
    5480    4199    6370    4493    4432    2548    4977    3083    6217    6949    6284    5739
    3427    4194    5912    4353    6603    3424    4262    3452    6095    2926    5058    2926
    6697    5686    2752    3649    6946    6787    4334    7219    7364    4294    4903    2968
    7122    4774    4629    7105    4586    3793    3924    2929    7288    4461    4179    7141
    5456    6232    4668    4648    5164    3011    3425    6075    6793    3686    2851    5255
    6560    7492    7372    4675    3086    5120    7354    3579    3428    6929    3742    5454
    5265    3570    6771    5305    4706    7340    5467    4433    6513    6050    2982    3652
    5395    3893    5341    5672    3428    5865    4162    5210    6367    5395    6055    3369
    5741    4905    5096    3816    5003    7319    6353    4263    7196    6923    5607    4150
    7434    7447    5763    3859    5637    6980    3208    5319    6139    6646    6602    2566
    5025    2501    7432    5380    6539    3114    7406    6316    6797    6860    2939    5459
    6529    6040    5371    7384    3893    3918    6161    6483    6732    4647    4566    3107
    4105    4649    6495    4567    6258    3415    5734    6070    3904    2541    4985    5778
    5223    4076    6004    4157    6775    6458    2627    2748    3458    3024    5179    6440
    5691    2838    5521    2863    4830    6994    6363    4064    3673    2670    3006    5374
    5836    2591    2893    4472    6911    6736    6865    6415    2529    3068    6158    6925
    4153    4570    6756    4548    3069    5915    4666    2544    7248    7423    6766    3351
    6210    7256    4423    4278    5283    3951    5693    5725    3304    3971    7148    2930
    5066    5591    4330    3638    5346    4872    5675    6717    5717    6635    3191    3435
    6230    3185    4010    5146    3971    2617    3833    5209    7458    5853    7092    5220
    7310    6298    6121    6111    5392    5813    4856    4722    5055    2550    4511    6163
    6882    3397    3466    3243    5826    6980    6464    3496    3876    7231    4318    4799
    6102    5524    5013    4074    5809    2772    4162    6993    5302    4330    3640    6960
    5799    3114    3654    7154    4302    6615    2716    5596    5184    3047    6765    5580
    4821    3856    6745    3287    6511    5985    4194    3171    4186    4363    6462    4544
    5550    4086    3501    3175    2858    4949    3151    4638    4627    6367    3870    4810
    2789    5850    5081    3675    5604    4409    3224    2870    4078    7129    4969    5816
    7014    7344    6782    6657    5557    3176    6503    4344    4664    4116    3690    6698
    6498    4032    3719    4397    4815    4314    3153    4921    5694    3466    6020    6182
    2677    4201    5048    4029    6811    3457    5277    6728    4344    4523    3386    7104
    4115    6053    7366    7256    5445    5110    3675    5799    4775    4843    6725    3008
    3078    5583    2799    4440    3772    4483    6501    5800    5336    5854    3292    7205
    3732    6036    7080    6336    4707    4203    5830    5299    6976    3664    6141    4841
    6613    7462    3460    4236    5586    7344    3268    7337    5504    3587    4236    7005
    7129    4105    3766    2583    6621    5530    6358    3707    5330    6945    3615    5511
    6528    6288    5774    5953    7069    3540    4811    4078    7381    5557    7493    4901
    6316    3838    5508    2838    2904    7362    5351    6105    2717    4550    5604    6451
    5641    7101    5584    4535    4912    4680    5784    7033    4483    5015    3818    5434
    3204    2511    5679    6646    4929    6842    3000    5116    4109    6917    3200    5186
    2507    4612    6438    2941    4076    7072    2678    2523    4169    3035    4691    2600
    6893    6290    4303    2874    3010    5450    7422    5939    7488    3065    4155    7051
    7014    4175    6774    3624    4382    4135    6045    7219    3320    2709    6600    5777
    6253    6714    5149    3550    6750    4406    3771    6653    3126    4231    5452    3330
    7363    5529    6174    2701    5155    3385    6063    3817    4501    3127    5714    5645
    3236    6378    4670    4564    6056    3135    2638    2613    4648    4463    3087    4712
    4425    6882    5093    2775    6442    4028    2724    7109    6376    2956    7426    3358
    3138    4883    3206    4738    6681    6576    5076    4017    7412    3093    2551    6973
    6717    6868    5634    2798    3352    4794    4459    4330    5969    3573    5886    4049
    5294    6735    6606    2759    4715    5928    4959    2731    3140    6862    6080    5613
    4660    6199    4874    7181    6526    4994    3133    4744    5014    2795    7143    6103
    5241    7191    4248    6536    4450    7458    3561    6290    4609    3628    6793    5530
    7430    4342    3230    5025    3826    3332    3750    3669    6304    6564    6128    6609
    5070    3763    4457    3465    6896    6685    5560    5336    3154    3768    3356    2520
    6557    6196    6422    3871    3789    4049    4940    6241    4920    2908    3527    6551
    7166    7115    3725    3251    6953    6123    2800    7067    7113    4863    3219    5517
    3007    4368    6276    3050    7438    2704    6648    5222    5076    4578    2619    4225
    2988    5462    5595    5937    7375    6743    2623    7175    4037    4789    2704    2577
    4475    5341    5688    4530    3900    5551    2750    3490    5879    4498    3246    4531
    6132    5385    5881    3926    4492    6633    6972    6130    4468    3951    7073    3426
    3564    3961    7114    2617    6538    3687    6736    4433    5785    2538    3598    4570
    4309    4184    2891    4596    2973    3198    5278    5835    6093    5596    6150    3277
    4576    2545    6884    3157    6569    4035    5990    3660    4377    4712    3531    3429
    2847    5883    6480    5647    5809    2647    6232    5860    7436    6356    7260    5088
    4380    4341    3101    6818    5797    4645    7269    3706    5083    5824    5644    5137
    3180    4404    5566    5381    5998    5711    6865    5590    3544    7346    5197    2830
    5541    6898    7104    3417    5019    2742    4827    4658    2563    6376    4565    5991
    4197    5539    7399    4107    5165    3754    7329    3808    7067    5413    5299    3667
    4114    7011    4087    5664    5611    5064    7163    3280    5659    5970    7039    4078
    2647    4314    4815    2933    4621    6695    4939    6903    7210    3201    2813    6551
    6988    7398    7135    6172    3315    4687    6234    4363    6979    4841    7318    5915
    7339    4507    4205    6517    5895    4051    5716    3618    3541    2539    4214    6070
    2760    3024    4876    2945    2678    7251    6231    3740    3371    3992    4883    5978
    4589    5086    4722    6706    6766    3149    6346    5817    5588    3286    6251    5987
    3939    6658    2664    2893    3611    5974    5454    3777    5244    6694    4322    2950
    6966    3645    6647    2599    2546    5345    6792    6138    5205    6423    2675    5386
    4374    4301    4426    5151    7078    3145    7074    7063    7263    6519    4989    5111
    6619    5001    4522    6476    5607    4680    6207    2967    6456    5188    5093    3011
    5900    6642    3114    5106    7462    4324    6764    4534    6118    6610    7208    5470
    6317    3323    4966    5702    6511    6349    5478    3651    3323    4506    5332    6776
    6030    4480    6084    4104    3412    4420    5880    7009    2795    5926    3830    2553
    7170    5857    5571    5784    3467    4562    3724    5366    5123    4765    4921    5182
    4230    7059    5442    6464    5899    2736    6936    7424    6762    4459    5769    3545
    6913    3431    4296    5792    2625    7335    4642    3251    5061    3941    5625    4331
    4886    5191    6826    4986    6722    4582    5665    4095    6341    7241    4759    4290
    4954    5334    4584    6595    4999    7452    5138    2691    4127    4223    3191    5814
    3359    5216    2661    5365    2864    6869    6219    5255    4784    3115    4130    6106
    4544    6198    6701    7115    6865    3075    5389    4174    5327    7357    6154    3602
    4404    5908    7186    4673    2645    6395    3487    7151    7006    5393    3120    4028
    3975    3754    4695    6412    6896    4639    4011    5455    4475    3076    4502    4446
    6910    5149    5267    3774    2846    6141    3359    2505    6815    3184    3232    5476
    5589    5613    5113    4310    3517    4451    6621    7157    5367    7445    4111    4349
    4986    5175    6489    6304    4095    4065    4869    2585    4965    4758    6208    5634
    2819    5154    6308    6652    6666    3935    6838    2877    3013    3001    3930    5262
    6078    4705    7221    3462    3431    6911    4122    6005    3704    4436    6043    6492
    5702    3425    5289    2809    6412    6701    6028    5177    7420    3151    2636    5701
    3840    3079    6807    6006    6750    6205    5651    3265    2916    4097    5226    2567
    4119    6135    7237    4480    6457    3935    3382    5020    5651    5056    3735    4071
    6764    4830    5355    5460    7375    4458    5356    7324    4537    5708    6680    2653
    7458    3043    6245    3760    4851    3560    4742    5884    5848    6671    3345    7480
    4114    3836    5911    5143    3925    7196    6853    5255    3290    5515    3734    3597
    2728    6492    5922    7342    4214    6542    4132    6471    4884    6209    5969    6302
    2929    4005    5109    6768    4101    5609    6253    4612    3334    6617    3329    4678
    6092    7159    3077    4252    6330    5996    5524    3653    4726    3049    7285    3687
    7420    4653    3694    7262    3729    3506    4758    3462    2622    3610    2705    6238
    6652    2867    5201    6623    6498    4801    6623    6015    2699    5251    3579    4938
    6047    3644    5960    4575    5688    5409    7304    6609    6294    5592    3490    5875
    6874    6875    2865    2631    5358    3513    2979    4716    4256    6862    6372    7314
    3837    7133    3070    3733    4592    5207    7198    3915    3176    5901    6851    2678
    4450    3578    4899    4286    4336    3847    5530    2607    6783    2863    6252    5491
    6861    6707    4719    2806    5330    3652    5988    4336    5734    3498    2510    6744
    4172    5837    4467    6382    3754    6307    3766    5644    3232    6213    6650    3466
    6773    2917    7370    6623    4346    4131    6765    5821    3058    4590    5353    6878
    4883    2985    4068    3791    5691    7022    7092    6658    3965    3131    4858    3949
    6092    6173    3437    6543    3260    6516    3093    7010    7292    3142    2646    2595
    4348    4477    3097    6553    3165    4072    7431    5957    5704    7288    3935    6349
    4201    6333    5132    4442    6108    3673    6574    5406    3850    7083    3681    6260
    5314    2751    6258    6932    3071    7126    5142    2846    4024    2708    3437    4257
    2597    5702    3391    4484    6108    5711    5580    4429    6483    5389    5327    3531
    2553    5321    3629    4975    7075    6436    3378    5361    6759    6453    4735    7395
    6857    4359    3664    3909    3208    5112    2615    6404    5976    5988    6252    3274
    2848    4913    6162    6344    3139    7135    5201    5996    7141    7405    2624    7111
    5133    4718    6463    6940    2598    2627    7327    2955    4701    3585    6030    5297
    3043    3220    6849    3776    5309    4082    3241    5730    5168    3710    7383    6187
    3614    5542    3200    4676    3030    2630    6458    6163    4126    4344    3743    2794
    7243    5474    3602    6755    3387    4629    4664    3192    2788    3739    7353    2806
    6287    3172    6386    6627    3833    3629    3197    2755    6277    2655    3155    7048
    5684    4168    5274    7118    3802    4652    6588    3061    6544    6488    7226    7177
    5501    5795    3802    3897    2578    4427    4726    6057    2556    3760    5636    7461
    7341    7196    4312    4512    7182    3208    6613    3596    5883    4652    6147    3359
    5416    5682    3188    6618    2739    3485    7442    2624    5904    3859    7441    5746
    4380    3618    4270    4869    2776    6415    5115    7073    3383    7354    5407    5178
    3213    4507    2992    5976    6192    2759    3466    5889    6578    6039    3718    3189
    6361    2777    7006    5218    5966    5440    5387    7223    6613    3985    3091    2783
    6621    2787    3454    3504    7428    6624    4012    4667    4666    2710    4317    3036
    4915    4913    6151    5614    2852    4413    6450    5255    3776    2668    3206    4166
    3390    6736    2871    4025    4690    6410    4961    7480    3114    7490    4100    5511
    3554    3720    5718    5198    4880    4002    3712    2729    6409    6141    4642    6423
    3370    5326    5161    3827    7070    3453    7232    6276    3330    6799    3346    6656
    2895    5735    5386    4908    6354    3058    5353    6755    6413    5204    4973    3895
    5299    4639    4184    4856    3737    2760    6708    3829    5113    6841    5311    3545
    2738    3068    5321    5305    3737    3484    6577    3613    4469    5490    6864    4185
    4788    2884    3930    3946    5401    2525    5578    4104    4437    6864    2920    3035
    6172    6048    3354    3592    5507    6053    3515    5024    5040    5065    2797    6018
    3809    2797    5287    3457    3589    3910    6025    6764    7034    6436    4381    4288
    5978    6159    5752    4890    4014    3126    6952    7000    4694    3669    4672    6856
    3591    2576    4722    3229    3620    6947    4533    6698    5630    4218    6361    6081
    7389    5965    2954    6251    6189    5056    6515    7126    6861    4324    4711    7217
    4185    6195    4294    7467    5399    6782    6141    3495    5338    3139    5801    4153
    3872    5354    2600    5774    6703    2707    6836    4053    7351    3735    4070    5060
    4931    6353    4133    3011    3676    6512    3686    6419    4936    3508    2619    6497
    2804    5902    3829    5595    6368    5704    2641    5559    2799    4210    2721    3879
    4217    7396    2555    6637    5148    6384    2683    6308    5991    5027    2536    4024
    7050    4970    3414    6290    4637    7278    5111    4947    4674    5160    4227    4669
    3531    4632    5062    4513    4157    6554    5599    2850    4217    4332    4092    6733
    6765    7263    5072    6530    5542    6183    6187    6404    5061    5427    5587    2929
    7170    3213    4036    7410    6431    3845    7500    3592    3162    6086    3925    3682
    4717    5011    4070    2934    7365    6398    4373    3079    2525    4499    2584    4217
    6414    7410    5127    7082    3070    3899    3678    5816    5624    6177    6931    4327
    6114    6581    4795    4515    3701    4243    4005    2634    5472    7103    5524    7494
    3153    6439    4437    2936    3765    3959    6950    6467    6676    4550    6144    4826
    6737    3610    2748    2727    3364    4877    4273    3923    2957    7185    3704    6102
    3851    6869    3531    3862    6689    6749    3168    4045    2761    5223    5166    2810
    4048    7340    4353    4035    5826    5701    3608    5427    5503    3338    6502    6331
    5547    5674    5588    6845    6483    6854    5065    4940    6214    3293    6815    3152
    2522    5602    6304    5006    3467    5406    4014    5993    4122    5649    5896    5563
    4485    5662    6333    6615    3877    3790    7142    6664    4956    5829    6471    3497
    5344    7448    3980    2613    2776    6632    6366    3202    4317    6901    6615    6364
    6469    4732    4007    3788    2628    5532    6359    3017    4936    6973    5381    3545
    7302    3111    6065    4427    7500    3495    3111    2626    3685    2967    3651    6553
    6800    2756    7018    3414    3388    2869    6824    5484    2514    4541    5597    3760
    2822    7143    4642    3288    4588    5136    4018    4496    3710    5176    5010    6311
    2806    4623    6359    6117    5631    5774    5699    6742    3467    2600    6594    6445
    4474    3872    3934    3442    4749    3139    6003    4781    4323    7281    4933    6853
    4991    6917    2909    3603    3285    4452    4692    2711    7217    7017    6952    4490
    5676    4880    7018    7252    6047    3619    5666    7254    3529    7216    6476    5472
    7041    7370    3485    5558    6557    2630    6657    6165    3527    3795    6971    3507
    5763    6490    5208    3055    4108    6730    5607    5936    6406    3088    6683    6874
    4090    3128    7103    5824    4634    4393    4785    7140    3238    5838    2856    7216
    4327    6385    2793    2761    6759    6366    7358    2640    5149    4122    4718    3856
    3386    4705    6102    6837    7101    3460    3716    6335    7307    6241    4956    7423
    5051    4076    5460    6570    7104    5393    3398    5129    5558    3073    5886    5983
    3727    5245    6206    5412    5402    6387    3653    6678    2800    4639    2516    3870
    6881    6045    6314    3823    4173    5749    4466    5374    5819    6085    7204    5877
    6164    4758    2514    6151    5855    7329    6596    2982    4371    7328    6182    4024
    6999    6652    7259    4927    3507    5589    6199    2552    6647    2566    5632    3495
    4856    5218    4423    2743    3771    2506    6585    5490    3670    7424    5541    7203
    6616    3454    7300    3955    6325    3605    3199    6370    6566    6231    6565    6038
    4466    2803    2859    6839    3053    4781    7496    4074    5338    7251    5112    2973
    3183    5161    5793    7054    7302    6706    2587    7471    2930    3144    7115    2955
    2873    3264    3123    4972    4643    3986    7458    3617    7344    7062    3212    3710
    6237    4196    2885    5673    5579    6036    4454    3307    4257    5134    5933    3014
    2998    2665    4997    6251    5931    4341    4916    4356    3762    6796    7058    5083
    4026    4469    4156    4043    2830    2686    6360    7392    3102    4535    6075    4283
    5362    5112    6151    6173    5877    3713    4820    4812    4203    3884    5496    5057
    4720    5939    6024    3723    2697    4335    2815    3770    4111    6978    6700    7487
    3487    6001    2901    7276    6875    7194    6331    4580    4871    5300    6796    2523
    4869    4812    3129    6940    7186    2767    2519    2816    7458    6902    2520    5574
    4864    2620    4839    5569    5726    3134    2798    4352    5684    7478    7253    4383
    5050    5524    3953    4927    6668    6893    3117    4188    3890    4815    5941    4902
    6970    5068    5694    4841    5901    7349    4827    4789    6282    6961    6396    5747
    3971    5339    7086    4359    6213    6551    5050    6224    2677    4665    7200    7139
    4437    6340    5640    4432    5190    5810    4112    5790    3682    5840    5005    4771
    2510    3225    4298    4185    5898    4363    2590    7471    2540    4119    4256    7201
    6792    5039    6043    6314    3162    6838    3783    4989    5348    3674    2778    4362
    7217    5630    3300    6873    6282    7247    6722    2525    6682    3735    5634    7219
    6975    5264    3862    5268    6438    5767    7456    5262    3815    4789    6938    7058
    5194    6780    6808    5121    3758    5006    6109    2743    4211    5938    3078    4475
    5362    3414    7430    4710    6576    3330    7325    5773    3835    5370    2973    4057
    4432    4500    7426    4130    5651    5808    6964    5134    3518    6772    5809    3708
    2780    7042    7365    6623    5926    7466    7307    7025    2986    5221    3057    5352
    6232    6628    3896    4304    5762    7251    4706    3406    5026    4409    4492    6521
    6388    5532    6500    5520    3491    6281    3247    5959    7210    4863    4193    5351
    2618    4070    4277    2737    3093    7129    4348    2817    4426    5640    6140    4314
    3538    4059    4802    4021    4845    3777    6283    2677    3805    5281    3664    6076
    3538    3005    6370    5397    3728    7465    4240    5793    2926    7393    6747    3321
    2579    6396    4628    5692    3154    5446    3603    2699    5726    5222    4404    5872
    4584    3950    6213    2632    3527    2517    6338    5791    5198    6150    5265    4467
    6251    3416    5804    4016    4473    2789    3268    3212    3037    5861    6624    6205
    4622    3473    3705    2658    4130    3022    3901    6648    6397    3443    5906    4130
    3826    3897    3621    7442    6951    3507    3720    4582    4977    2644    3334    5227
    5002    6873    4139    5371    7012    4233    5064    5863    4009    4655    4960    5507
    5553    6889    6790    3089    3898    5794    6226    2911    3998    4380    6233    3425
    4155    3796    5727    6544    3657    6121    3163    4692    3941    2875    6670    3871
    5494    7397    5447    6311    7377    4004    5703    4646    6861    6425    3711    4396
    4853    4663    3780    4672    2931    3857    7180    5520    5355    5889    3849    6869
    3620    3311    4883    4466    6638    6433    4477    4042    3005    2759    3645    5029
    7377    4089    3702    5386    6990    3435    7238    6615    7025    2981    6005    4433
    6188    7256    7445    5518    3992    6280    3169    3949    4227    4550    4513    5113
    5575    6910    6507    4979    5931    7004    5986    6044    7028    6090    4566    5197
    2818    5392    6356    3824    4828    4523    3540    7148    7487    3062    5317    3199
    2549    6117    7160    3323    5573    5242    5159    4589    5962    4468    5824    2989
    3254    7232    6564    2921    6135    3713    4547    6709    6915    6106    6775    7351
    6224    3464    3213    2893    4240    6376    4863    4247    6761    6164    4859    3582
    6035    4182    4693    3555    4066    3901    4976    5300    3808    7401    6400    5402
    3510    2783    6440    2529    7289    5856    3916    5169    3671    7317    4632    6780
    2727    5213    4105    2798    4641    4200    6443    7223    6820    4409    3794    2853
    6191    2903    2728    4097    2939    5935    3288    6614    3163    2747    3187    6440
    4504    5032    7342    6480    5774    3158    3172    3945    3096    4508    3995    7207
    3131    7241    5677    7167    6577    4334    5342    6452    5613    3470    4091    4812
    5948    4528    6355    6493    2860    4710    4503    6400    4871    6968    4056    5086
    7051    4334    2934    5383    6786    2649    5232    4644    4276    5770    4726    3422
    4217    3218    3292    2546    4167    4819    6525    7143    7353    5416    6624    3226
    3328    5291    6932    4898    7492    2501    5793    2504    4115    6125    6074    5901
    7142    3348    4500    3190    5090    4741    2941    3049    4856    6059    5695    3477
    3262    3481    4843    4884    3679    4687    6408    3922    2732    6111    3481    4270
    5510    5704    5643    5455    5942    3317    6735    6076    5338    2644    3938    4213
    5995    4150    3965    7047    6030    4128    3665    7142    4421    2780    3568    3858
    3449    5212    4214    3342    7248    5917    4326    3908    5015    5650    6302    3296
    6099    3706    6070    4558    3047    2519    6670    5324    7118    4163    4816    5633
    3582    6025    4798    6365    3194    3595    6445    5805    5109    7227    6125    7393
    6617    5519    6846    5528    4757    3552    4565    4623    4423    3713    4622    3252
    5858    3213    6765    6425    3839    4651    4844    4364    4917    6878    6299    3592
    7202    4340    7498    4324    3353    4190    4572    6187    4627    5022    5313    2953
    3942    2564    4219    2794    6479    5711    6987    2754    3234    6104    6184    5020
    5416    5216    7427    6341    7108    6780    6656    3425    4427    4042    4713    7172
    6646    6118    3974    5622    7085    2579    3086    5772    2574    5726    3191    4773
    3827    4104    2755    5699    6677    3671    5725    3230    3142    4861    4949    5181
    2806    5621    5992    5606    5985    5860    4134    5409    3626    7409    6824    4369
    4723    5184    6918    6116    4188    4496    4672    6186    3045    7465    5936    4645
    4926    4519    3312    3880    6635    2684    2928    7125    2556    4936    6066    5306
    6400    2808    5777    2528    6380    6745    6075    4226    6297    6445    3595    5444
    2982    3294    5736    6782    3657    4260    5949    3871    4366    5812    3127    5693
    7159    7099    6325    4124    6937    6663    3684    2935    3120    4679    5805    5568
    6645    3098    4015    5043    4524    5193    4498    7300    6073    6323    3424    5110
    7112    6136    2563    2753    3814    4704    4967    6388    7046    7418    3966    7130
    2897    4922    6622    5165    4947    5139    7480    2873    3985    7299    3682    5006
    3110    4318    3088    4631    4190    4129    5668    7169    5165    3681    7364    5299
    5760    5345    3391    6785    6522    3963    5863    5696    6495    6692    3597    6299
    2692    5751    7322    6628    2934    2713    4519    3725    2662    7264    4823    7098
    6292    7464    7313    4092    6730    3967    5317    6915    7197    3332    3966    2683
    5094    3116    3448    2851    3761    2616    4086    4088    3618    5905    4315    6989
    6961    6914    6671    7453    3863    5948    2869    5785    2796    3151    5109    5611
    5344    2701    5114    6261    3016    6162    5542    4142    6364    4191    4156    7014
    6592    5635    4219    6162    7005    3101    7103    5045    6172    4859    2823    4858
    4355    2591    5924    2553    7375    3194    7181    6789    6311    2529    2873    2548
    7242    2898    7308    4764    5597    4283    3356    6558    6098    3383    3810    4967
    5425    3521    4571    2509    5366    6495    5897    4555    5247    4875    5632    5720
    6485    7401    3836    7372    6609    6086    5780    7056    2659    4028    4849    3602
    7222    3638    4669    3737    3616    6548    4642    4232    5353    6088    6649    2835
    5096    4318    3306    5705    5167    2586    3376    3098    5148    2625    2888    6466
    3160    2784    2690    6250    7371    6491    5246    2652    5701    4027    7387    3822
    5313    3321    5292    5559    6459    5691    5597    6585    5212    3088    7374    5637
    7398    3718    6498    4813    7224    6196    5563    5717    6123    4818    4627    7044
    5135    3879    4795    6448    3726    4123    7025    7008    3795    4817    6591    5822
    3162    3478    4441    5733    6708    6405    4232    6088    4625    2965    4666    3440
    5712    4068    4666    6153    4088    3131    3875    4497    4005    5877    6896    6393
    6926    2511    4508    5832    5533    3336    3925    4328    4737    7234    4268    3514
    5617    4154    2694    6582    6292    4856    5768    6865    2606    6995    6746    7263
    5040    3918    3709    6191    5909    3120    2707    5031    5543    2562    4195    7200
    5152    6198    6483    2955    3961    3495    3530    5880    4033    3255    5874    3289
    4900    3163    5014    3692    5891    7454    4855    3611    4238    4954    4331    3608
    6553    6613    5044    7049    3448    5970    4656    4335    3481    3769    2694    5374
    5225    6196    5479    2829    5328    6917    4217    6247    3192    4106    7120    5890
    5222    2801    5257    4002    6360    4955    5018    7457    4773    4008    6502    5017
    5604    5170    6956    4475    5650    5202    5551    5994    4388    4556    4676    4053
    6583    7424    5099    3035    6447    6272    5064    6689    4054    5606    6795    6093
    5872    5434    4561    4122    3045    6944    3225    5834    3809    7362    6217    2740
    3413    6607    4834    3471    4014    3520    7119    5716    6804    6188    5695    3745
    7033    5484    4865    4910    5823    2984    6466    5542    7484    3187    6601    5147
    5223    3998    3938    3784    4407    4790    7228    3998    2648    7039    3993    3545
    6191    7124    3808    6008    2680    5211    6673    5604    7139    6941    3177    6591
    5071    4233    7448    4341    3117    3846    3686    6591    2779    5907    4106    7068
    5138    5394    2873    2726    4157    4684    6444    4869    4366    7210    3644    4621
    7265    6077    4597    2518    2900    2717    5324    6581    6373    2601    2729    7074
    3425    7023    5659    2553    4407    5566    6079    3286    2562    4102    2811    3537
    4233    7092    5818    7016    7014    6510    4417    6597    5034    7013    6759    5543
    4624    6418    4513    4287    5865    4778    6006    4157    4094    6021    3008    5597
    4093    4563    7453    6742    5976    4109    3061    7094    7234    2695    2832    3388
    4513    6758    4629    5325    4321    3693    6317    6251    6472    3355    7138    3766
    2552    4849    6177    4052    6399    2514    5236    4605    3277    6827    5079    3836
    5365    6774    7030    7155    3246    7209    4166    5256    4627    6833    5291    5317
    3792    6427    5983    4551    3851    6486    4859    4461    5981    2913    3448    3474
    4288    4291    6477    7392    2572    2876    5722    5618    6983    6947    4092    4664
    5232    3844    5511    5768    6787    6860    4153    2830    6930    4910    3150    6647
    4411    5073    5177    7189    7309    3492    5560    5095    5082    5865    6888    6051
    5970    5399    4438    4617    2746    5553    5929    3816    2698    4193    7121    7163
    6252    4674    6697    4628    3160    7344    7291    6660    4382    7389    2824    6445
    6493    3238    6353    2887    4685    3619    4746    4220    5894    4039    3366    2992
    6967    2679    3994    4681    5940    5272    2786    5071    6568    2683    5545    3267
    5429    2918    2542    3311    5848    6078    2873    5694    4327    7298    6034    3430
    3014    2748    4311    5976    4086    4990    4441    3557    4969    4647    7250    4611
    4007    3811    3639    4711    3531    3744    3918    6940    5679    5681    5242    6149
    2858    2733    5533    4020    5027    4752    3774    4662    6333    4685    6592    2556
    3362    6863    5642    6127    5474    4211    6262    6562    6760    6328    6025    3271
    6146    2992    5355    5794    4501    6276    4258    2744    3238    7422    4539    6844
    4553    2504    3705    6002    2885    7339    3432    2817    3511    5494    3171    7151
    4365    7024    3538    7057    6312    3984    4674    7441    7065    6684    2791    5604
    5176    4522    7418    2751    4314    5631    2544    6002    7440    3042    2527    7445
    2970    3184    5431    6064    3216    3161    4775    7074    2735    6282    5795    6195
    7381    3610    3077    7406    4725    3575    5591    4736    3834    7063    5472    6678
    6729    3223    3214    3376    3741    6759    4592    3227    6243    3166    2745    2576
    6119    2706    5506    4037    4367    2508    5413    5123    6097    4379    2927    4839
    3000    5708    2758    7182    6262    6641    7239    4506    5811    3195    5638    4514
    6818    4677    3848    5993    6801    3880    2727    7038    6239    6154    7292    4850
    2623    6082    3136    5738    3252    3812    6894    4630    5295    3045    6010    3439
    3826    2585    5456    7095    4695    3850    4876    4131    6139    6552    3825    5428
    3902    5790    6233    5217    5415    7129    7263    6818    6580    5330    5052    2505
    5356    4900    6852    2829    6356    3697    5047    5181    3639    7035    7255    3563
    3660    6358    4985    6642    2516    7356    5997    6204    4678    7298    4116    2504
    2752    2595    5247    7138    6425    3718    5296    4469    6857    6262    4098    7426
    5986    3165    6115    4003    3557    4654    4814    4708    7191    4531    6479    5936
    4420    5389    4673    7443    6246    3480    5343    5615    3735    5236    4032    3545
    3097    5811    6387    2828    2987    6264    6950    2786    6742    5531    5625    4940
    3012    4413    6212    3426    3482    6636    6994    6846    7493    5382    2967    3861
    4608    6636    6479    4834    3562    3421    6136    6808    5348    5564    6842    5622
    6613    4506    4892    5798    3552    3415    6951    6353    3265    6788    5343    3199
    5166    6124    3465    2585    4762    5443    4033    5958    4830    2515    7154    5413
    3795    3903    2714    7461    7071    6037    4225    4098    3251    6571    3915    6710
    4283    4756    3411    5867    5581    6179    6719    5558    2516    5555    2711    5183
    5872    3097    4365    2759    4502    6370    3078    5208    2974    6748    7272    2907
    5724    2829    3639    7172    3166    6514    6175    5405    3305    5758    6305    2575
    4641    3206    4322    2723    4654    7304    7371    3673    3938    7267    4741    4719
    3877    6314    3985    5037    4313    5813    4593    4468    3137    4738    4309    5979
    4905    6515    3438    5223    2823    4987    7325    2592    7491    3584    6900    6879
    5704    5237    7401    7404    3209    4188    5700    3196    6665    4934    5870    4576
    4267    5249    3390    4202    6030    3517    4557    7287    4399    4191    2835    6458
    6361    5899    2735    6735    3712    3841    3532    7126    4897    3685    3120    4649
    2857    3910    6775    4802    5708    5195    3419    6044    2771    6535    3961    2949
    4048    3870    2989    5726    4571    6414    4022    4761    4142    4922    4844    4330
    7168    7292    3571    3022    3440    2895    3604    4229    4221    4610    5662    5811
    3523    7362    7477    3970    7129    2791    5629    4809    3373    6851    5509    5355
    7480    4352    3274    6651    3103    5709    7469    3622    7192    5519    6707    6797
    3986    5378    4518    6033    4074    7250    5093    4456    3437    3065    7409    7291
    2587    4963    3397    6193    6888    2806    4456    5520    5006    2645    5250    6369
    4172    7137    5192    3588    4419    5188    6059    4458    3107    6880    6605    6155
    7162    4315    6104    2746    3807    5634    3192    3901    5295    7256    4770    3971
    4101    4178    6846    3568    5153    5438    3584    4971    4491    4868    4236    6258
    4763    2696    3745    6601    4776    3782    6129    5328    5281    3075    6701    4571
    4769    5978    4548    4955    3530    3576    3926    5804    6341    3856    4962    4044
    2743    5436    5307    4736    3654    6324    6232    7226    5017    2535    5426    4572
    7275    3080    6636    5006    4693    6487    2702    7240    6544    3569    3277    2628
    5839    6608    4319    5919    3315    4328    3508    4125    6271    5290    6332    3579
    6402    4314    7099    6166    4184    6614    3662    6671    5215    7007    2919    2600
    4041    3131    5966    5253    4879    5307    7337    3717    3941    3047    7214    5438
    5973    2680    7421    7306    2672    7259    3348    6159    6653    4507    3348    3851
    7228    4551    4753    6502    3065    7182    3047    4808    5981    5652    5873    2892
    3505    3712    6033    3000    5817    7340    4119    6344    5472    2522    3692    4828
    4957    5583    6982    6492    6718    5245    4860    4068    4166    3207    6621    3786
    4696    4046    3174    3206    7477    2787    3206    6373    7226    7020    4232    4456
    5722    4361    2565    4242    7213    4534    6236    2543    5907    2627    2558    5888
    4797    5610    7499    3816    6131    5730    7017    2815    7165    4964    4200    6713
    3238    5955    2530    6867    5066    4196    4142    7495    4941    3503    6486    4163
    3259    6103    4874    6788    2675    6824    2898    6477    7211    2930    6024    6431
    5592    4890    4762    3482    2717    5624    6775    2794    3241    7367    6266    7265
    7269    4854    2700    4732    2952    6437    7357    2947    5794    3984    7336    6762
    4359    6615    4201    4428    5486    5364    7387    3795    3382    7288    5243    6286
    4308    6534    5813    7072    2657    5159    3420    5502    5516    4059    6722    4124
    7038    5693    3438    4006    4141    4125    7186    6306    4537    3955    4223    6292
    6933    5346    2749    6248    5273    2715    3856    4305    3157    4667    6286    5705
    6168    5998    3479    5774    3988    6601    6477    4815    6483    4597    5968    4504
    3620    7102    4973    6450    6620    4649    2590    3657    4567    6987    5204    3176
    7074    4198    3468    4277    3808    6495    7103    4704    4482    6811    4661    4265
    3732    6104    6262    3082    5402    4136    2680    6587    4681    3512    4160    4756
    7417    3666    6315    4694    4636    5586    2909    5668    3374    3448    6433    6282
    3105    3125    5012    4461    4443    2678    4524    3219    6363    6497    6698    2525
    4091    4701    5942    5934    5273    4848    3879    5124    4687    7079    2535    4922
    4048    3996    6024    5847    7275    7106    6623    4041    4364    5154    5192    5715
    6423    4204    5065    7478    6812    3069    6416    2550    4230    3394    6468    4779
    3458    4675    2782    6880    6980    5217    3792    6189    5195    2706    7200    7461
    4580    6387    5811    4170    6902    6761    4043    4496    6689    3700    7158    6903
    5921    6106    5073    6742    2879    3622    5029    2537    6306    3316    4738    2610
    3064    7216    2733    5100    4166    6686    4503    6189    6669    7385    5098    4009
    4142    7290    5755    4038    2691    6842    3527    6925    7197    6947    3359    2970
    7488    7296    5813    3833    6612    4505    5675    6036    3799    6425    5529    5556
    3843    6713    5034    3051    4318    3326    4418    4151    3911    4042    2713    3134
    5596    5297    4759    7483    3649    2795    5565    3211    7159    5938    5846    5764
    3170    4430    2731    4439    7289    5319    7113    6349    4259    5918    5250    4691
    5388    5614    2803    5596    4084    5035    3784    5021    5860    5620    4944    5141
    5596    3415    5324    5455    5600    4991    5026    3829    4137    4142    7359    5273
    4871    5505    2943    7199    4087    6088    5423    2847    3766    5884    4734    3232
    4573    4529    5908    4182    5229    4426    7025    2661    2701    5008    5837    3749
    3925    5664    6138    6473    5313    4398    3429    3612    4242    3561    4436    2849
    5467    3554    6339    7265    6188    6229    2956    3723    2828    2793    6539    4344
    2937    6531    6964    3353    6731    5006    4511    4807    5981    4342    4244    5456
    5100    7143    3761    6334    2572    4652    5514    4505    5206    4411    4355    2983
    3009    4084    3163    5200    5890    7232    7033    7385    5561    4822    6986    6709
    6029    4746    6317    5662    2952    6079    5030    7460    5030    4441    4050    6718
    6670    5210    4466    6055    3293    3986    3442    4482    3917    3043    6493    3716
    3760    4354    6709    5025    6735    6514    2924    6786    4770    3194    3347    6230
    6240    5393    6675    2530    4708    3813    7227    7200    4209    5595    4361    7201
    7398    3388    4241    3469    3605    4587    6782    5530    7486    5297    4195    4568
    3474    4403    3153    3229    6676    5038    6247    7111    5272    2742    6858    4869
    5960    3767    7013    5962    4518    7220    4339    3679    7152    4889    5537    7108
    4239    7280    7467    5157    3852    4948    6643    6470    6988    4567    5881    5618
    2877    3136    5186    4072    4058    6620    6821    7004    7252    6176    4562    4864
    4054    6667    6339    4368    4285    6784    4009    6172    7010    5881    4764    3309
    4113    4360    7424    6521    7124    4466    6566    3145    5909    6856    4026    4618
    5195    7190    3689    5009    6141    6833    5977    6401    5822    5047    3949    2715
    3636    4924    3696    4083    5298    6231    4888    5843    4480    3402    3092    4294
    2813    6947    2718    5423    4103    2552    4436    2623    6398    4978    5326    3859
    3352    3473    5618    3297    7299    3472    4673    4549    3743    4704    3325    7411
    3055    4562    6564    6828    6903    6625    4519    4974    3123    2803    3737    6507
    4502    5382    6610    3413    6075    5638    3861    3622    7085    2574    7472    7277
    6225    3926    4921    7252    5895    3404    3748    5467    4255    7104    3078    2989
    4185    5677    6894    4460    4238    4629    3131    5017    5751    2778    3149    7430
    4394    6926    6416    2545    3577    5092    6456    6114    6317    6283    3635    6598
    3657    3678    4942    7390    2752    4058    6682    4246    2934    3324    7491    3188
    3194    3568    3661    6760    2596    2816    4885    5759    6818    2585    6447    7296
    2718    5449    5211    3056    5164    7455    3013    2894    3456    4766    6866    4370
    6061    3755    5274    7082    6137    7012    6218    6888    4912    4986    6542    6493
    5239    2564    6677    3970    5956    3555    2838    5660    3841    6271    5282    6714
    4472    3613    4800    3687    4029    6097    2900    2885    2934    7392    6413    4148
    3703    6194    7023    3370    3440    5637    3762    6985    3142    5512    6921    3192
    5961    6955    4888    3205    5447    6719    4004    3259    6126    5321    7047    5138
    4669    5100    3792    2942    7420    3511    2508    7337    4817    3546    3742    3031
    4478    3434    4845    3144    5695    5932    5861    4627    6780    4638    5120    3006
    3475    3204    3646    6288    5039    4995    5056    6680    3760    5432    4900    6543
    3769    5143    3201    3674    6122    2678    6446    6699    6829    6329    6813    3544
    6875    2909    5780    5881    7431    5705    6883    2841    3466    7326    3722    4967
    7323    5205    7290    6905    3984    4071    3095    2535    6539    6558    4671    2673
    4772    4258    5263    5622    7318    5115    7450    2550    2740    3285    5132    5654
    7368    4050    7153    7159    2855    5734    3893    6432    6828    3461    4270    3233
    5294    4802    6919    6442    5586    7126    3755    5866    7145    5771    2766    5707
    4459    7484    4710    4980    3166    3324    5516    5655    6171    2694    5588    6992
    6881    5620    3118    5416    4140    5828    7370    3744    6914    5300    4792    3904
    6026    5093    5002    3261    6711    3677    4466    4995    7231    5626    7476    2701
    6988    6497    2635    6039    5119    3941    4718    3462    6028    3660    5649    4828
    5612    5278    4533    6034    3596    6761    2533    6196    3790    6803    3397    4384
    6771    3179    7418    5513    5325    5569    3220    6105    5082    5621    6042    6529
    5426    3036    3364    6002    4685    4807    7450    5713    3154    6085    2726    5204
    4255    2692    3184    6688    3728    3363    3658    3967    4719    3400    7217    5958
    6244    2806    3141    3173    7186    2788    3204    5238    5563    5622    4085    2661
    3781    2989    3096    7482    6480    7394    6625    4780    4510    5288    2976    7421
    5900    2575    4207    6798    6980    4130    5624    6134    3729    4581    3925    5534
    3588    7002    4010    4687    4527    4821    6908    6742    4199    6463    5488    6430
    3884    3211    7048    3116    4412    6580    4266    3928    3875    6977    5240    3089
    3127    7280    5163    5360    6481    6141    2970    6996    5494    6738    3948    3877
    6865    6405    2540    4055    2720    4820    4912    3174    4537    4931    4016    3739
    5768    3668    6034    6337    3320    6255    7180    2818    2601    2889    5262    5224
    3275    7394    3262    6058    2631    3956    2742    5499    3756    5673    5049    7482
    6423    5071    2526    5118    5911    3085    6399    7378    3797    4538    7219    5265
    4028    6374    3699    7249    3856    6757    6358    4532    3296    5614    6429    5601
    6219    7068    7145    5775    6290    6097    5118    5562    6270    6351    3035    5509
    7029    5017    5195    4575    4612    3040    6928    7192    3005    6542    7218    6437
    6617    4220    6220    5978    3014    6583    4029    2689    5808    4110    2753    5580
    7198    3327    5339    5468    3254    3036    6672    6911    3023    4577    6746    7399
    6656    6513    5776    2928    6235    6950    5033    5933    4092    7369    2868    2947
    2797    6911    2913    6988    3650    5447    3096    5051    4360    5650    3332    2965
    6393    4251    3777    5762    5108    3422    5345    3708    3361    3812    2674    7046
    3019    3208    2579    2795    6331    4890    2835    5641    3850    3867    6457    4680
    2530    7079    6418    2833    6103    5102    4521    3508    6093    4284    3776    7207
    5338    3285    5489    3686    3109    7133    6600    6879    6415    6088    5226    3718
    7171    6767    5141    5667    4570    6390    4433    4556    2883    4029    6367    6480
    6720    4134    2909    6304    5036    6324    2814    4092    3407    3720    4917    3633
    4003    3600    4269    4167    7391    3325    5974    6359    5558    4319    4570    4393
    5823    7150    6668    5691    4394    5892    6068    2707    2677    6962    7407    6516
    5876    6774    2858    2733    5931    5397    6988    6543    6710    3554    5155    6749
    2574    7476    3554    6774    4592    7206    4252    6425    2517    2788    5140    3974
    4947    3936    3503    5417    6858    6533    3485    4116    6076    5644    6220    5882
    5389    5843    6436    3360    5707    3281    2895    6039    5795    6402    3094    7070
    5395    3444    4519    5600    2599    7114    3629    5752    2755    2877    5164    4071
    7284    2551    3496    7469    7014    5863    4787    7277    2607    6204    7013    3210
    5250    7203    6983    6844    3124    2851    3271    7425    4017    5143    7069    7410
    6807    2501    4648    6309    6703    5832    5442    7091    4867    4285    6491    3907
    2671    6296    4550    7372    5239    4548    6592    4135    7176    5154    5380    3317
    3024    3310    4873    3342    3644    7428    4964    4050    6772    7285    3706    6344
    4303    5305    7305    5085    5575    5402    4238    3162    2630    5426    5930    5266
    6511    3040    5963    4949    2515    2591    6414    2762    6936    2596    4172    3669
    2533    5648    3848    3875    6221    7002    6352    5480    5634    2651    5284    3003
    6849    3378    4050    5581    4994    2747    5457    5112    3402    6421    4474    5229
    4277    3005    5502    7072    3910    7277    7332    4467    5147    3537    2841    3844
    5719    4553    5292    3213    3804    4972    6554    3847    6335    5856    5258    5590
    3525    3347    2733    5182    3997    4667    4681    7423    6293    6459    5316    2615
    4610    2903    6576    4681    2931    3679    3065    6016    7217    6206    3862    3192
    7478    4550    5370    2809    3620    2820    3984    4590    4369    7331    6664    5777
    2857    6873    6299    7028    5208    2618    3479    5124    7245    7458    5837    4511
    6169    5339    6419    6873    4382    2707    5987    5495    4969    6361    5527    3038
    5793    6016    4462    2512    5220    4470    5839    4723    4175    5414    6744    5881
    5388    6485    6090    4019    7491    3130    3295    7313    2841    6756    4956    4138
    5395    6794    6410    6629    5710    6355    6425    4525    3894    6204    5204    5583
    4093    6766    5258    7339    7105    3976    4559    7121    3958    7414    3384    4828
    4247    5961    6742    3862    4909    7285    5967    3696    7084    3500    6160    6490
    4448    3525    2796    5318    4693    2702    6498    2552    4759    7421    7312    3093
    3860    5130    4323    7218    3760    7335    2958    3156    3979    2563    4642    4218
    6705    7170    7130    4390    3921    6143    3082    6890    7153    6020    5417    6483
    4626    4905    3458    6129    5166    4063    4060    4045    5175    3844    3363    3063
    6166    3784    3988    5285    4907    2651    2654    6937    6077    5138    2988    7455
    6737    4560    3626    5265    5352    6768    5535    6230    7019    7254    6542    7015
    5423    7218    6502    4147    7422    2742    5964    6487    4183    7197    3262    6517
    4273    5548    7384    3925    2896    6955    6366    5745    5938    6391    4949    6516
    4733    5191    7486    4771    5665    6456    5943    3251    3244    4525    2677    3531
    4924    3168    7289    3152    2603    4743    3093    5187    6362    7199    4071    6529
    5078    6679    5857    3771    7027    3076    5932    4762    4808    5328    7465    4064
    4839    5428    5487    4146    3568    2685    6517    4199    4335    3783    4940    3787
    3632    6619    5669    5580    6185    2862    6758    2922    6154    3775    6057    5577
    3967    3737    4289    5158    4469    6323    4910    2876    2974    4785    6631    7179
    4634    5343    6872    5860    5397    2533    3215    7500    3646    7305    2833    7055
    4789    3701    3810    3309    2565    3456    4336    3476    6423    5642    4577    5170
    4628    4227    3816    4866    6726    3949    6123    7026    4812    4360    5261    3776
    6941    6031    5200    7197    4266    2560    4630    4170    4554    5655    4351    3116
    4814    6322    4521    4405    3445    6701    3944    2772    5110    5400    3824    7057
    3029    2835    5621    5993    3462    5100    3416    4705    4452    5492    6509    7223
    3010    4388    3115    7067    2915    3009    5770    5797    4039    4944    3278    2858
    3762    5408    6933    4381    4451    7270    4938    3248    5438    3892    6589    5921
    3027    4485    6094    6784    3438    6474    5733    4252    2593    5832    5948    5109
    4837    3408    6522    3436    6278    7073    4808    2684    4919    6016    4595    2865
    4844    5916    5961    4310    6208    6280    4319    4971    5539    4268    3803    4606
    5561    6105    6308    5088    7104    7144    3566    2523    5173    3278    4842    3034
    4835    3084    3090    3266    6020    6420    7151    5228    3252    3791    2592    5217
    4699    3332    4197    6298    6288    5773    5652    2753    2853    5144    3146    7273
    4974    4070    6143    4125    2840    6158    4745    7014    4693    2770    3838    3131
    4317    5109    7434    3885    4870    3569    6988    6654    5440    6672    5522    7295
    6134    4093    4025    4066    4970    7120    3092    3890    3849    2637    4564    3800
    7152    2673    4684    3775    4202    2862    3413    6516    6337    5708    2705    4105
    2893    4247    4582    3074    5720    6267    5056    6979    6818    3788    4692    5210
    3546    2807    3924    3490    4796    2713    4196    4170    4930    7399    4499    5955
    5141    2793    6968    5823    3949    4990    7047    4033    3291    4396    2607    4351
    4960    5756    2666    3093    2856    5390    3486    6098    7117    4359    4285    6271
    4804    7006    2735    6243    3581    5266    3575    6706    6490    3605    3086    5979
    5561    5670    4758    3402    7047    7471    4907    5701    7422    2818    2959    7490
    7010    5538    4599    2738    3250    3169    3556    4057    4819    3622    4008    3089
    7387    6619    5075    4694    4607    6589    6843    6813    6878    3067    2675    5476
    4417    4926    6469    6538    6818    2628    3962    2696    5567    6547    7076    3831
    6672    5160    5660    4652    7141    4690    5796    4441    6676    3009    6206    7091
    6824    7489    3877    3362    6717    2658    3770    6043    3288    3453    3961    7496
    7469    7346    5667    2819    3636    5175    5339    6994    4696    6559    4408    7333
    6098    5347    6326    5531    3806    5416    5777    4245    5784    5880    5684    4742
    7447    4008    3828    3766    6048    2570    6121    6247    6126    4141    5968    3771
    5353    4708    7500    5784    7253    4084    2872    4740    6234    7283    5195    4026
    5359    2590    5009    6333    4284    6739    5073    5008    3298    4555    2790    5382
    3015    5398    5500    7280    3323    3862    3636    5747    3359    7248    3914    6380
    6284    2537    2605    6485    5241    4408    6636    7066    4838    2846    4456    6409
    4996    5442    5767    4947    4849    6453    2549    4216    6559    5384    6259    5227
    3042    7404    7328    4183    6863    4144    7393    4459    4653    4076    6849    2680
    4603    4492    4722    3013    3915    3619    4359    2760    4184    5690    6468    3517
    2917    3459    4605    4313    6573    4157    4430    7356    3513    3714    5410    6237
    5111    7264    6512    6788    5832    2789    4926    3582    7020    2707    2857    3587
    5639    2607    3034    7253    3304    5633    2562    4406    7155    2536    3006    3139
    7171    5042    6422    5296    3878    4679    6188    6240    6750    2885    4703    5798
    6009    5830    2903    6281    6051    6811    3472    6990    3811    4049    2993    3985
    3630    6848    4815    4799    6990    4062    2610    5883    7185    5043    3262    3578
    2550    3666    5065    6711    4416    4907    3934    4203    4943    4787    4671    2672
    5920    3981    5048    4700    5660    4909    5961    3608    6892    4415    3660    5655
    4375    3495    4551    4259    7490    2667    5521    6909    3916    4359    3100    2814
    4146    3285    3183    5935    2815    4916    4781    5539    6985    4928    6686    6233
    4525    5436    6336    4077    3247    2642    5330    3902    2898    4054    3412    5385
    3574    4374    6991    4049    4714    3473    5650    4322    3349    5782    6253    7491
    4083    6789    5069    5473    7215    5336    5247    2717    7343    5602    6048    5085
    5644    3078    5020    5059    4779    6749    5693    5051    3559    6476    4650    3702
    7138    4660    7303    4007    5630    6431    7250    2553    2671    6660    3428    6066
    7329    6787    7062    5515    5500    5611    5710    4544    5497    4576    7017    6432
    5100    7242    2999    2877    3024    4039    7035    6709    2510    3853    3805    3616
    4895    6128    6868    3129    3067    3074    6621    4163    7483    3505    4112    6307
    6657    7431    2780    5257    4570    2718    5050    6869    3607    6703    3007    6701
    6726    2747    3905    4511    3569    4298    2989    5515    5735    3426    4761    4421
    5479    2993    3984    2635    6293    4078    7313    3323    3750    6992    5516    2794
    3137    3809    4417    4394    2563    4979    7048    4909    7230    6799    2658    3701
    4454    7384    6224    3139    2852    3336    2628    5152    6204    4512    5145    6295
    7065    3579    6391    4478    5389    5375    6345    5910    2884    2736    6393    2591
    3214    3809    5889    2708    6035    7312    3408    5135    2764    5632    4201    6359
    4585    3589    6700    3484    6788    5253    7065    5774    6767    5136    7412    6926
    7258    4645    2956    2977    5415    4730    2837    5609    2674    6398    3898    7397
    6280    3203    3715    7199    5174    4900    7110    5758    6297    6421    5761    6242
    7212    3016    2801    4559    4279    5502    5886    5556    4552    3237    5274    5385
    4740    5878    4397    4680    7399    6694    4149    6633    5020    3190    7105    3054
    3569    3280    4640    7105    6766    3016    5275    6708    6619    5978    4939    3494
    6266    3783    6398    6000    2571    3244    3489    4271    6448    3085    5618    3995
    7352    5058    4625    7331    7496    3420    3529    6039    4463    6790    5256    6781
    3614    6782    2848    2700    4154    2581    6014    3101    3148    4868    2855    6505
    6077    5393    7146    7218    3067    2634    6577    5774    5495    5109    6612    6263
    5585    6770    4850    6443    5152    5282    5396    4223    5753    4042    3944    2686
    6132    2835    5169    3844    4103    7464    5538    7053    6914    3421    6979    4905
    6435    3937    7242    4783    3782    3201    6495    5810    4932    3283    3994    5853
    4317    7002    2704    2552    5380    6268    4327    4941    4104    5932    4213    2965
    3570    6057    6068    5034    5398    4364    2570    7000    6123    6937    3413    3145
    3145    3564    6799    7097    4942    7063    6728    6625    5781    6755    4632    4148
    5286    4781    6599    3779    3802    7154    2853    4220    4212    3519    6734    5200
    5501    2742    5433    3895    4954    6428    4471    4343    2552    7087    5241    4840
    7379    6896    6352    5464    4553    4271    6986    2685    6857    3294    2998    6468
    5967    5061    5272    4625    3318    6283    2857    7113    6417    3421    4692    3461
    5497    6364    2565    5332    4138    5377    2758    6902    7282    7147    6625    6983
    6078    6665    3206    5346    3839    5515    5387    4058    2644    6381    4143    2819
    4596    7269    6737    6670    5820    5045    4870    3828    6037    7350    5841    5610
    6759    5627    3464    7072    4070    6608    3504    4193    3734    6675    4899    7157
    7247    2706    7210    3343    4850    5856    6773    5482    3230    4386    6580    7071
    5162    4579    3028    6464    2541    7402    7338    5579    4032    3790    5538    7047
    5328    5590    2794    4228    4207    4591    5574    6121    3625    6357    4287    3958
    5479    7151    3066    4544    6239    5379    7085    4155    6652    2715    4572    6673
    2999    3068    3001    5314    6781    3347    3808    6816    5216    4736    6864    6117
    6078    4671    6222    6616    6380    2787    7474    4749    3988    3421    5563    6379
    7494    4638    3891    5509    6615    6767    4261    6080    4845    6881    3603    3840
    4496    4302    7269    5212    6013    6046    6516    3888    7425    4431    5451    4135
    4025    7052    4789    2658    6067    7146    3948    7069    2553    3588    4254    4355
    3784    5920    5044    3564    3890    5135    5575    5578    4838    6886    5558    5751
    5697    3806    7263    4795    6512    4811    6735    5056    3951    2570    3250    4424
    4470    4009    5311    4604    4368    7428    3045    6115    3486    4689    6849    4602
    2554    7005    7153    5224    3120    4331    3260    3696    3690    7406    3761    4768
    3969    3257    6039    6736    2951    5368    3674    3316    5744    4945    3929    3251
    6145    5283    5576    3051    3826    6226    5943    5249    2773    2612    6482    4700
    4253    3428    4537    6825    4626    2908    3779    6646    3059    6199    3846    4299
    4528    4008    3883    6982    6002    5534    3800    7150    4156    3587    3431    7481
    2848    5069    6050    4453    2584    4568    3363    6660    4593    3667    7249    4874
    3524    6039    4500    2782    3114    3692    3902    5423    6365    2754    6213    4795
    6403    5167    5878    3093    3850    5771    3762    5249    3889    4059    2640    3690
    4219    7056    4094    3595    6092    2614    3715    6234    6109    4555    6205    5165
    5252    4557    5212    3972    3387    6452    5044    3927    6076    6376    4310    3863
    6780    5715    3948    3414    6411    6784    4756    7167    2648    4768    4173    5446
    6389    6524    3884    7480    3766    4690    3667    7207    5568    4095    3105    6567
    4875    2963    5715    3855    6641    4691    4608    5675    4159    2528    4990    5831
    4201    5358    5243    2540    2662    7303    3277    5137    6110    2836    5084    2587
    3101    4296    6410    5698    6470    3487    2627    4219    6104    3870    6179    2637
    6631    3192    7500    7382    5725    2923    6743    6257    3562    4293    4022    3782
    2808    4339    7035    7482    7446    2623    3529    5619    6262    3676    5122    7040
    4287    4299    3210    7329    6252    4731    7145    5558    4795    4832    7106    6308
    2615    5487    5172    4910    6278    3151    5038    3320    4279    3610    6497    2691
    6238    5175    2552    4974    3245    5639    6312    5254    2832    3811    2810    3550
    6336    3843    2804    3746    3935    4757    4191    3432    6296    4755    6351    5839
    4688    6616    5318    7347    7184    2656    5855    3512    6737    7447    3173    4093
    6382    6052    5697    3174    6510    5519    2601    5121    6663    4941    4234    7293
    2703    5102    3211    2558    6725    4790    6853    5919    4738    7362    5023    5686
    4446    2969    3529    2734    4129    5738    7058    5862    3512    2523    3275    5511
    6777    4499    2511    3743    4301    5523    7457    4392    6307    6696    3016    5954
    3275    4120    6037    7183    3693    3898    4222    4836    4338    5274    2784    2576
    6036    6290    6795    4880    7240    6019    3084    5954    3579    6642    7298    5305
    6770    7351    5072    3888    4896    3258    4365    3940    2811    5652    6293    4303
    7452    4558    2802    3175    5515    3104    7340    4554    5658    5566    4334    7419
    6168    5278    5312    5149    5444    4355    5629    5226    6368    5850    3360    4409
    5968    3970    2503    6189    4855    5230    5362    3642    3653    6368    3088    2715
    5952    4169    7321    4725    4646    3213    3584    3853    5895    3649    4543    3911
    5767    3222    3282    7107    5689    4449    4681    4846    6462    5140    4957    5789
    6638    4022    3011    4695    7264    4559    6691    4996    4552    2519    5508    5231
    6225    4798    7004    5602    6580    3667    4857    6081    4591    3050    4041    2807
    2565    3634    4027    7001    6342    5677    5271    4266    6681    5986    2702    3228
    7357    5759    2936    7035    6421    4023    5438    6895    5707    4804    4519    4105
    6306    6425    3457    2997    3252    3258    5644    7090    3970    7410    6248    6031
    2695    4717    5629    2657    6501    4139    3414    4702    4241    3333    2717    6152
    3121    4031    5631    3253    7135    7140    5326    6589    4434    4049    4659    3174
    5651    5616    3214    2638    5826    4687    4973    4196    7205    6679    5696    3772
    5207    3708    3391    3100    5616    4242    3890    7002    6012    5915    7369    3115
    3997    5700    6168    7107    6916    2989    4389    4344    5156    7499    6414    3436
    3307    3234    2911    5506    5385    3557    3541    5115    5914    4604    3239    2738
    4961    6101    3242    4129    6087    4480    4419    6918    4583    4269    4041    6865
    6633    4189    6883    4881    5305    5058    5222    5472    3809    3424    5142    5112
    6718    4631    5424    2720    3596    5593    5070    2861    5418    6283    5598    4302
    5047    2657    2559    5956    4945    3602    7393    2726    6192    4824    4123    6798
    2843    7239    4466    3367    4852    5068    6734    6906    3156    2761    5150    6922
    5421    3367    6647    2721    6277    7103    4754    7465    5645    3142    4632    6707
    7470    3320    3740    6385    4575    3287    6212    3343    7105    6429    5196    3347
    4954    5226    4099    3590    7389    7283    6495    6286    3321    4113    3190    4279
    4096    2649    3535    5322    7408    4475    4066    7247    4625    3616    6685    7026
    5521    3484    3135    6917    4023    5649    4652    7259    7090    3259    3689    3212
    3343    3814    7095    4523    7060    5747    5545    4308    2609    5888    3541    5769
    4467    6933    6545    5268    5693    5237    4836    3197    6545    4463    2874    6648
    6378    6761    5359    7422    4277    5461    3314    7305    6097    3427    6188    4169
    4403    6797    2634    3539    5187    7282    2712    4628    6137    4023    4480    3878
    7481    6257    6379    7124    6988    7065    4172    5296    5440    4002    5110    6031
    2834    6787    5456    3017    5069    6174    6081    5618    5978    5628    5767    6080
    5017    5753    3495    5211    6533    5883    5136    5746    3128    6880    7478    5394
    5827    3989    3464    5828    5618    7094    4385    3955    3704    4714    3079    4212
    5091    5618    3239    7364    5972    2622    6470    4340    6572    6361    4357    3254
    6989    5230    4623    6157    7285    3697    4580    2580    4552    4271    3951    3875
    5177    3019    7345    5751    7055    4637    5957    3887    2684    6663    6712    5762
    2867    2708    3310    4667    4551    3060    6735    2763    7500    5111    5989    3764
    7341    4038    2786    5978    5928    6200    3799    5211    7491    6476    2797    5486
    4686    6514    6692    7092    6414    7476    5317    2955    2970    5570    6791    4376
    3629    5927    3390    6710    3642    2877    4704    4130    5033    4770    7307    6701
    4600    5864    2667    5602    6263    7016    5641    6904    3045    7171    3820    5763
    5760    4382    5600    6121    6482    4799    4082    6463    6642    4631    6019    7304
    5610    5781    7061    2654    4228    7437    3468    6019    4596    6417    5279    4958
    2623    6980    4407    2734    4744    3986    6889    7371    5870    4283    3974    2812
    5021    7065    5774    7291    7013    7058    2581    5788    6642    6978    5252    4164
    5824    3493    4736    5575    4507    2896    4861    3679    2642    2623    3875    6196
    6835    3725    7432    4957    3479    5334    4277    3850    4648    2849    5758    7269
    5120    3592    4732    4595    7116    5201    2973    5844    2520    6768    3446    3646
    3563    5707    3511    4934    3413    3752    6121    5844    3588    5332    7404    6242
    4863    5989    3325    3682    5449    3079    5706    3888    5000    5813    7123    4745
    6321    6811    6400    4085    3765    2594    4399    6524    6582    3534    4094    5473
    4845    6847    6946    2800    6815    2817    4387    2977    6856    7257    6028    3269
    5767    3840    2890    6067    3097    6350    5102    6010    3248    5628    3537    5407
    3188    6878    6401    6416    5519    4580    5784    7266    6701    5330    5047    6547
    4632    5961    5482    7133    2592    3681    5880    4734    4263    6409    6645    6919
    3654    4517    5468    5079    5543    5780    3468    2880    3576    4342    3185    6544
    2526    7339    7171    4262    3779    5262    3653    2507    2890    6060    5559    3941
    3733    4219    3730    5752    6775    2991    4954    7126    3194    2966    7013    3901
    6611    4853    3364    3871    6389    5238    5838    7000    4466    6975    3428    4067
    4460    5065    6769    3807    2801    4662    6761    6206    7431    5165    6607    5084
    2809    2788    6536    6749    3187    6868    4382    6081    3566    4299    6471    4905
    3675    3593    3366    6592    2733    5086    3137    5355    6186    4356    6202    4321
    3962    6138    4337    4317    5419    4588    4103    2842    6743    5506    2858    4431
    5685    6158    2977    6735    5287    2828    4899    3107    6096    4738    3680    3126
    4119    5466    6660    6147    5051    5354    5236    6372    6157    5602    3193    3426
    3580    5628    7387    4547    3925    2675    7457    4566    5218    4592    5532    2810
    6501    3943    4205    6524    2939    4703    4224    5253    3001    6197    6059    6444
    4274    5696    3285    6799    4111    4014    6068    3547    5864    5578    5311    4810
    4750    7384    4966    6112    4043    7221    5254    5428    4207    6973    5602    6350
    3296    5102    4202    6327    6193    6208    5991    7127    6291    5879    4604    5839
    6085    3109    6498    6945    6928    3390    6850    5693    4416    7463    2580    4591
    6413    4425    3757    4501    3189    6171    3926    7124    6817    5715    5317    6523
    4577    5118    4104    7321    5553    4630    4401    7300    6314    4824    3602    7254
    3943    5548    6002    4410    5467    6419    5019    5096    5539    3379    7089    4466
    3905    7417    5515    3156    4012    4759    6881    5599    6061    3896    4936    5657
    5551    4623    4109    3845    7070    6691    6389    7130    6061    4086    7188    7378
    3414    7157    7294    6660    6189    3684    6266    2764    6295    5896    7256    5527
    2834    7158    4098    4261    5336    7403    3534    2933    4030    6567    7005    4767
    3499    3689    6590    6638    5558    4729    6062    3215    4197    6249    4809    4647
    5918    6482    7283    4878    4566    2719    6704    6278    2664    4930    5550    5746
    6828    6303    5819    4720    4888    5171    3836    5433    6851    7411    6050    6851
    5257    4199    4476    5054    6697    6768    2773    5008    4810    3715    2796    3708
    5121    7459    2817    4309    3617    4055    5217    6679    4942    6116    7294    5039
    6754    3962    5488    7243    5070    3252    5075    5643    5675    4962    3087    2671
    6788    6299    2515    3125    5555    3547    5006    4645    6593    6521    3600    2913
    5836    6279    7140    6423    4354    6268    7179    6202    5578    4527    4752    5727
    7215    7357    3398    3281    6613    3273    2512    4351    7188    7233    3029    4291
    6448    5194    6740    5028    3675    5739    7394    5700    7362    3055    6137    3980
    5455    5195    3507    5951    6703    6664    6853    2868    6488    2779    3282    5096
    6905    5418    3562    2564    3703    7032    7112    2915    3820    6280    6976    5059
    5229    3191    6467    2759    5967    3540    6373    5893    5312    4567    3518    2806
    5211    4163    4487    3463    4519    2788    4256    3234    6560    6467    2766    2581
    4694    3999    4247    5237    3104    3436    3618    4469    6373    2834    4500    3950
    5366    4718    2745    6739    5607    3893    5415    2607    4322    6429    3609    2619
    5341    7355    3661    2654    5638    5228    3155    6011    5519    3820    4110    5310
    6584    4462    3703    7162    7394    3426    5762    7343    4714    3689    6130    5007
    5316    6920    4916    7344    6341    5870    5612    4703    2897    3180    5152    7307
    4261    5107    4450    6243    4382    6850    3385    6037    4511    5074    3781    3315
    5081    4377    7441    4944    2608    7172    6912    7080    6074    6935    5322    3883
    5993    3061    3681    3327    4218    4726    5915    7443    5654    3305    4549    4437
    5278    6247    5241    6335    3446    6672    5104    4234    3555    5620    6402    4947
    5892    5995    4844    2543    2797    3072    4921    3651    3033    4900    4680    2912
    3791    5125    7400    4933    3808    5457    4087    5563    2643    3414    5618    3378
    6530    6592    4269    6202    4836    3672    7104    5882    6714    4695    6190    4733
    3687    6442    2779    5503    3659    2758    4982    3384    7306    4787    4578    5813
    4959    4189    6037    6860    3713    6868    4876    3453    5860    5701    3992    7171
    5252    3575    7416    7085    3489    7064    4133    6803    2742    7194    6171    7468
    3410    4237    7353    6585    4946    6119    5602    5622    6759    4753    3198    4166
    5582    7371    6273    3669