29725
71014
78052
57513
1856
3714
75128
5272
81371
23096
49565
38811
18888
46367
74923
41653
17765
94867
90902
19333
47562
28479
69144
2869
45765
8840
42614
56240
68919
32003
37113
3654
16420
68478
23186
33258
99815
54723
22905
18125
74583
51857
88581
97540
37993
93313
3526
7240
54704
99061
59099
29955
21645
40864
81329
55743
97195
28366
74557
95648
38233
95414
8113
71103
10620
33997
36171
52865
11466
57352
67580
90959
79110
84056
95691
65822
30715
48974
55152
2760
96061
13032
20330
33197
28807
6644
78138
96800
25142
25974
35578
2368
52273
79903
68891
7882
91313
2687
71286
84352
19580
81779
71083
72501
80768
37519
42472
24848
18780
34244
58384
40775
5607
56882
37489
6933
21113
14628
23531
85689
5281
23946
12210
81943
86746
29480
35864
56817
69788
15640
88621
26927
65207
36625
53871
90102
64693
13936
31451
52153
91779
65429
55921
9883
18438
65854
45847
53735
2374
69700
5756
28745
53156
59630
50931
21486
33479
42796
15117
72483
66324
40200
73568
67790
77305
1184
7592
87881
19627
59985
40150
30137
93018
82301
46719
87503
89926
4052
28493
61781
27962
76813
90883
48418
4848
19664
7539
14572
48738
79572
61103
78422
98030
96287
6742
1707
6511
91465
22020
61352
53829
26310
34651
72782
38625
60187
83890
80876
86218
97084
61692
66809
28485
33388
57783
7185
67473
23322
58443
38512
87684
65222
46008
8200
6263
77675
83768
18310
21227
57984
70126
19206
42510
35458
86593
16461
93486
70251
3044
19405
38006
28837
27540
18927
55958
40957
89704
62769
83833
42594
61920
5369
45490
17326
27594
18594
39098
30282
22131
40124
97033
45085
91246
33735
79890
25424
70028
76904
60218
66948
12863
34426
34002
1985
62246
98530
3879
41671
87936
52612
46082
53005
64823
56855
40049
25902
1124
44135
76523
51709
15394
30969
93065
16090
70857
39158
98993
81775
27077
1551
48103
19679
52771
62845
67215
36047
56964
1919
58283
9537
27238
46788
87901
61214
41420
70697
41972
39135
18556
11308
51735
35398
44689
56918
39024
47538
15543
40902
12896
41041
99610
35025
54155
43307
33570
33113
2097
7954
85352
95264
37956
4660
8549
80134
38100
16379
70851
89061
35274
4818
55600
26241
25919
12222
75425
37539
18155
74338
41957
1417
6803
94504
82189
96820
97914
99262
97620
73069
67773
75969
3402
7214
38890
67464
2007
55899
2191
47281
57558
25233
27263
8348
6564
27125
98409
78822
38780
73918
44458
57415
73231
70183
85304
64686
83581
26140
46555
38559
26016
25953
67724
50272
28968
8507
25420
42696
90740
62658
17281
81287
42282
48307
87203
66509
55639
11052
83164
53106
5393
52566
49262
81093
3908
94237
25984
9113
45178
58109
46690
9745
92792
3583
24955
63212
69909
39713
94821
49252
82656
52353
69596
86066
9985
52694
61488
2980
80039
61704
17549
35726
70140
74719
7081
37257
6457
73811
54836
86209
43324
44060
59382
57551
20812
17487
66282
82657
6610
8738
10886
7165
58145
55904
73977
56949
62694
5992
6017
11128
9770
74287
20684
65580
53853
64872
46521
63497
7823
43545
99967
19410
24167
58989
87032
22023
27094
14070
6120
43483
3243
13489
83232
22239
2593
82251
66396
65239
11003
21722
37218
36808
31996
80237
1005
87286
44265
25096
46603
45360
78819
7782
43372
6001
18512
22443
19222
53503
48070
88218
22763
83870
23581
52277
49322
39683
4119
62308
93668
84389
83374
67114
66786
78678
41365
36594
21150
41823
81622
69504
56180
19976
92563
93465
95881
91457
58531
34305
36861
95046
4399
99444
78714
6805
11051
9347
9038
30726
58776
88750
44475
38348
43352
12846
85560
29176
58513
44812
35431
71137
41128
15489
46813
5245
37886
57191
5982
16889
61091
7186
89677
79668
48486
92708
62818
73544
23870
58281
20417
16937
70276
46837
17990
53644
32401
75276
41019
30085
18824
94097
61328
81567
9297
35215
99654
90329
25427
73565
93226
53071
92119
80497
35579
25185
2744
75731
30232
99049
65135
60433
32703
33525
5146
24587
58199
17336
57796
41920
31354
11906
27460
40746
98848
86586
69677
46568
84658
18497
50796
5103
40318
12152
70353
20303
62111
86435
42266
46094
8404
10599
59104
14370
78400
47722
78961
33391
62033
59343
18124
79782
7984
5676
19207
12288
62578
99447
48359
90655
36241
7468
2942
13304
78501
81649
15577
27082
47632
46866
38678
95508
73595
16132
63470
75953
81987
94776
59617
65920
91604
2170
17719
41402
52515
94474
94072
62177
87837
86836
29566
42778
16691
26035
32850
21966
95054
96353
60892
36599
61032
17745
24096
96162
18706
83048
54555
10862
1330
25971
47560
72301
86635
6718
30699
70579
56240
59839
41308
51291
96644
6570
36663
79736
8336
96369
50794
31232
58898
10854
65506
90213
93606
54071
2350
44413
83656
76620
26767
52717
20886
40603
64573
61776
79990
33515
91074
55776
27024
35498
52572
69333
23304
5300
43556
77675
18690
77182
25953
71327
58255
16379
27613
89307
49945
27226
95221
87917
63757
67647
1111
79333
34641
58727
41992
76568
57448
90211
37366
65459
22052
24867
96306
69950
11219
60199
67821
42544
57819
2866
15507
28489
51651
92413
37926
38967
80720
26002
29041
72685
7854
38026
46385
74834
11979
15992
95572
47184
44313
15157
13520
8721
10379
2206
13893
2062
74383
10894
39348
99661
36258
80750
45227
75301
4589
38334
64018
71788
78574
95709
38391
21472
86470
6510
9091
58782
44719
3070
53258
74818
80310
65630
17843
13064
72742
26428
95825
25160
8713
53030
15499
63083
32499
58672
37268
43072
8920
95615
60422
76837
56946
77434
28064
7785
69705
15178
22729
46366
93642
26342
73088
72515
36796
79794
81581
66596
68396
33727
45114
65039
80391
24242
19828
88251
36636
97128
70649
89279
94882
90778
86797
11232
2831
72384
73877
35640
61064
6520
99582
51220
49322
55235
92692
98225
24529
62608
68796
55074
44466
27386
57687
49848
96840
28941
61521
87107
70490
60848
94929
19319
67301
78301
40454
63262
57612
9476
31270
74742
81255
51673
25276
38697
3626
61497
51186
53540
54298
98352
23048
39546
10981
17748
25236
11443
85850
35118
4062
53795
83240
98560
75563
87499
61263
59158
16264
91379
58977
22172
8484
69186
58379
52529
18839
73725
87197
73435
91533
60481
57901
24827
20203
30921
76240
55460
69952
38274
96398
43260
3705
57672
2455
31271
87463
60889
74420
18212
4653
42872
39499
23002
74188
20973
97811
18301
93131
57685
15702
24092
11163
12889
59905
68790
1692
12052
53784
74746
85818
52097
97289
65330
76513
64805
37236
54041
9109
68684
20751
73295
5155
58239
12599
91898
74456
1008
44148
9398
21912
67349
71598
84083
65243
3867
35140
50490
11818
78396
69741
87815
84564
44043
12806
56563
71771
46086
29356
22967
35122
89699
13420
52132
65154
70226
15248
62210
86380
18514
50420
20268
51718
91751
12641
74620
21284
65954
18319
30617
97777
70972
47771
30445
75390
56258
8148
85529
54056
26654
90226
55660
18118
23516
82415
19004
68816
25621
98846
67940
41638
27415
80158
13091
23975
87945
7577
44381
82142
69038
2958
14445
93413
23249
42435
43868
3406
86422
73816
14973
34898
53602
23411
39241
25041
96626
26849
84210
63608
82895
88742
95202
53471
9865
55271
53858
54667
67833
48879
67052
7398
38408
46387
55416
80997
54284
44161
46383
94447
9518
11745
60981
21005
88799
79021
37429
84207
56374
55847
74257
46930
35096
56297
91998
86322
5671
78763
79000
24803
54915
38880
46910
75485
11235
7527
23759
11523
30476
52454
49771
88980
76376
67276
70897
19912
80222
83822
79423
7202
67513
85983
15909
20974
46222
78399
67659
22616
46156
55366
1540
94312
39891
68178
96533
80747
62224
75509
71548
9941
15891
48934
90078
56586
22703
47280
50275
5321
36668
69002
16732
63778
25872
64442
38911
74046
99449
83303
29939
78385
40824
80025
80923
54384
36409
9075
26975
12383
44967
88441
62870
2335
81373
93563
44415
69649
48820
55746
7158
37866
62235
97888
41895
20929
12839
90695
3570
83160
79653
91321
89046
36589
91141
33210
96748
71592
89622
19609
43205
41510
25123
18278
36576
2743
50344
76660
26830
41612
13877
58562
76112
87701
78784
74085
87141
80279
99450
78888
84978
44014
50455
60662
5664
31110
82484
82207
89240
93196
41835
33390
96137
32819
72422
17113
90006
39659
28535
96018
34713
95988
5764
55021
47114
93118
88350
29661
96771
39176
22667
56801
78252
95925
12117
88997
45529
63277
99216
60026
18789
15662
42978
54115
43920
79595
51489
54820
29033
53737
13967
27026
17749
17821
90224
50129
95074
75509
24538
29972
95791
13954
14018
19333
17293
50580
26658
15239
57770
5353
85714
19624
2224
40846
79118
75946
60749
22276
30857
45898
41485
56835
79030
28727
21630
60142
86413
5067
18636
29932
31036
45136
17941
79918
54552
47868
76355
8668
19472
10209
39419
26483
33520
29546
20687
45603
33959
23463
72912
4203
13967
90328
47865
64258
47213
97822
1439
93823
68899
71990
82530
63101
73593
71279
55218
2303
56488
4905
7672
59020
67906
26453
49472
34420
93622
76599
79927
62283
23190
10487
82423
43127
74173
75502
50163
76518
80408
88920
73574
66373
37326
79399
69853
21452
36632
45743
80692
94196
25334
81663
81400
94012
90081
52770
66586
80751
19933
13431
40202
51263
59974
56699
72747
6769
44310
57507
42047
46111
7988
5310
41349
52024
33892
8683
46162
82735
44337
46622
41768
19633
50429
75980
16731
8314
85104
19909
41291
5218
11441
16069
4509
70625
99194
51770
81461
89157
45401
38042
97492
91822
47643
28408
38311
45130
24855
78116
58721
29496
66888
60607
59897
72879
31899
84979
94503
20820
98183
80393
62188
32055
6022
24993
65602
41776
6865
61388
27714
40207
74918
37177
62265
83302
69983
60278
95270
79342
50243
75128
80937
54786
73479
62815
36443
96630
9667
84552
16936
26118
44121
86000
65133
68937
29882
71440
63371
57269
14198
61136
63472
5841
98048
84397
89203
87910
84554
66192
28475
41705
24755
18179
68483
19545
89785
86235
65489
84385
10121
80988
22560
26942
6243
72497
96108
91517
16319
68417
8756
40515
33130
92872
57928
36169
68787
56523
37296
95743
86929
75303
56484
19792
85492
41611
2739
55681
58609
69023
51244
8103
52798
72657
24533
52038
53007
66342
6598
22568
12412
26514
9200
46697
78167
46967
1691
59893
78775
53234
78349
38240
24375
32835
18370
44415
88946
51382
32089
5353
72322
34451
51761
47588
63816
22035
46359
3776
99474
95152
6571
61248
99080
56725
15668
67538
83829
37395
66788
14142
33032
66932
40797
88791
9042
7950
6720
82186
83050
10537
27278
86218
12474
48718
39093
45149
23014
47630
55531
57234
46257
33532
74351
14301
86671
59018
61211
60518
15657
34324
87623
83646
86586
10608
27876
9052
60288
68956
9452
52236
48231
27774
51934
42908
56222
30237
81853
36613
82276
92103
83825
24327
55411
55592
53739
25914
17489
42887
44841
4612
26132
82651
16965
84602
27812
30052
83791
38973
69217
33022
10980
83519
5674
46610
76790
79352
55774
2121
96152
19087
93341
93467
88567
79803
99971
98598
65399
1028
29463
80687
85209
81471
95980
8252
28553
67624
16670
59748
10645
65814
91274
96541
85294
98701
80697
83611
54214
79324
81659
78770
25864
83675
64590
21581
15371
90845
28038
18487
3079
42779
43662
15768
62711
3595
5908
87798
49844
12428
11787
70605
75263
99766
87441
27688
50466
13904
30853
99427
99787
73710
62324
75997
5668
35902
98658
95404
83038
4624
53966
29693
69318
60017
65381
62762
16940
47398
27787
96527
2737
87730
4471
5759
27239
18545
21143
24716
12993
17902
66753
36717
92561
89565
21198
4118
25621
71758
77939
6759
88823
20556
69597
89398
85163
78107
92699
2300
93990
77476
5372
44807
31662
62740
58238
23686
79712
3861
82927
69669
70649
42037
76261
91811
40826
60224
57051
14249
4373
59690
25826
7868
77821
38503
80170
33442
32813
95088
30766
92108
75925
10972
59304
87019
97328
75881
91555
33391
97794
97249
96674
17692
21078
7154
88461
96456
78370
47356
95242
83251
38546
2530
63896
61441
64957
86584
49722
81799
9967
10318
51614
38406
97072
82824
10874
97723
6798
92326
46285
20425
95855
56322
82724
30560
56958
41791
78041
77261
31329
40537
3919
24486
45431
49332
54819
83258
20596
64075
44584
25956
65655
12444
89437
26723
23818
23123
54805
50210
98578
53391
45740
58635
17650
20341
87705
55864
80893
59147
72391
84110
47587
71109
75124
3934
81411
96216
89090
61541
2325
42610
5115
3735
48691
98244
11595
50154
30491
40679
24133
89983
70846
93853
45075
65218
7981
18819
17828
11869
98959
2882
80316
1344
85367
20960
81905
99673
14590
26137
88784
73903
16238
91938
52659
75768
81226
89915
46335
76797
27487
39521
76818
10795
23401
44370
99867
12767
38555
3933
51208
95556
99691
59537
47181
20834
19978
49501
72531
83544
66569
14264
18005
49859
58943
90733
74786
37957
71086
63343
39777
45701
55262
75241
73440
62574
27273
44797
60242
43497
13897
93592
17598
14314
93058
68578
27675
80165
76370
68601
72282
48932
98255
70107
69150
77877
6471
26654
71406
80043
51778
93714
12576
94153
99265
84902
65806
6126
17778
28209
95029
36627
74077
83504
96191
49143
83836
93999
14326
11102
97842
40639
16578
51980
50341
64339
56017
34344
20040
81111
80736
36283
17155
16109
91473
26383
44178
39472
17690
22372
64040
4977
26713
74861
72087
14883
84840
79143
27710
53069
96443
96699
56853
70469
95104
4922
25735
92857
16799
67892
94235
49828
16613
64754
42700
80534
46025
17454
59827
16786
63213
91669
6504
74009
5232
80853
53866
71015
14997
59912
4956
53102
90638
75503
37479
19667
63337
35636
46226
70742
63038
44200
34522
40054
94056
49984
92559
31009
42108
95768
30485
56983
36487
60407
23448
41465
6417
87986
62586
69750
88596
67975
19970
75471
22094
46320
39403
17537
44821
81659
61259
54901
40982
80951
29969
26949
97907
17476
41838
57632
22068
29633
16774
23651
66126
51772
31355
32908
93657
24177
96056
48487
8287
24023
85165
95942
98138
4252
38628
24686
63716
77075
77570
72862
34397
77820
85126
67303
77768
52079
75324
85167
78342
50717
4987
25619
86496
5093
35008
26830
13029
5695
74476
67473
83904
50450
22802
67997
26816
4119
10212
83877
98820
99086
39021
72428
46635
92577
65485
97664
70199
51719
9872
89642
54647
89070
28230
8761
22384
95838
22864
24749
60499
10433
92537
37314
70006
26525
99151
98430
79490
90192
81077
5642
88094
32276
73670
31361
49905
62175
68732
74398
73021
9561
29280
20105
13977
15383
97645
51145
46215
65435
40867
47517
87648
95768
62555
12692
76651
61045
82660
30063
38723
47492
89956
49645
5709
16784
14438
10648
17277
45308
48873
13559
50721
11782
4353
80679
67743
70914
3526
79145
97354
5027
62505
22221
41917
74128
10299
26763
21643
45211
71507
54777
55970
36053
90166
53144
62273
71118
12240
29335
59452
74730
10194
61853
97522
63855
29790
90548
47145
55291
93794
38291
26494
90530
2741
61668
40651
76194
26642
23410
62440
81525
23771
8447
41524
22176
61516
36376
52025
31529
61265
62543
88396
49865
89575
87585
65201
3152
73493
81434
41437
14285
22953
37614
65834
74764
71578
3662
64068
12377
86815
23183
76014
13648
11672
11588
38695
60438
3253
86194
31955
56606
68762
13006
13957
56500
32109
32500
76149
25143
29942
65087
99243
42348
87726
43889
89364
19407
16718
19700
66137
4748
59617
30226
33202
97051
25743
84328
23591
47297
94934
65819
16664
96977
36471
68237
82096
40666
26269
87510
36040
41125
87835
75914
55372
14921
91124
39812
96862
47317
11240
23020
22114
37338
19353
80794
35749
96022
79410
75623
99701
65238
43411
37245
12802
61460
42928
36640
10122
75386
4578
33820
20268
91589
83567
48966
8047
83959
21926
68209
61269
79869
75861
40154
90066
33489
22522
39674
18352
23383
47689
19586
46730
35078
28801
79199
68515
44235
65737
17774
31733
99013
82744
49492
76731
42435
39235
92814
55919
87920
63002
97782
69637
52033
89418
28801
16065
17289
88217
5558
91932
20310
98723
80829
49327
71635
90605
71785
33895
21324
92793
33175
80624
76076
7693
62088
55071
16727
89404
42903
84591
21964
66675
28198
92231
94074
62990
65195
25539
41260
71503
95954
82202
30057
71990
33572
20275
73864
44540
92347
15620
15579
94217
40460
43497
71764
87114
71742
35711
51773
47513
88976
21663
69585
28117
18628
24474
35200
79024
56050
94942
7041
5291
42133
6471
89889
57187
28949
39142
71319
3716
4405
56857
76371
18457
29205
53401
28268
43457
28722
85428
42793
57885
17627
28470
82779
5046
48447
50052
36534
17478
59488
87927
65080
84231
44637
31263
41654
39529
55688
96794
3071
83644
21587
53129
60086
5968
92622
52059
37279
65536
82844
4887
72263
49326
63045
18372
90278
1745
54690
3671
76339
17591
36109
28545
20869
74135
52805
18942
83867
25062
16710
25220
22736
25490
75547
56157
10407
79111
37627
44054
42646
72328
23590
85728
45097
9538
22946
16568
3352
49921
33807
77202
62644
19842
38685
30207
54673
39517
33163
88562
37952
38215
30171
73198
31057
3928
46061
88436
10195
95655
62056
62054
46112
99192
54441
38469
96258
12009
67860
83595
25022
48966
73216
51216
13791
36608
36921
71562
77112
15499
43280
58890
47655
44510
59405
83256
89109
38570
68282
60261
11499
62609
90738
27322
40204
98123
60331
71931
7195
73702
48174
37388
47369
28708
89279
47171
7597
18775
47269
29076
69007
53849
85736
36869
27175
10281
11356
7477
36096
2892
60640
30983
83460
55210
40593
78704
2153
68413
82673
83600
11801
62220
17917
46778
21596
58741
10815
55939
14247
87247
24463
51527
40176
97490
50738
81690
8334
78646
1968
99784
70612
32599
41298
96088
74227
12711
31594
90069
4068
82535
86422
11510
26332
20867
62134
58837
69063
32288
90353
31549
64165
10454
12063
42312
14711
84105
39757
8125
33039
62827
74739
91788
16179
18810
68180
77467
36161
30343
48658
47670
34170
41510
43701
79080
20225
62010
7956
51626
34025
8382
90732
85066
83227
4550
73111
70772
12808
30153
52598
3791
49203
54993
51678
18224
26858
37156
69620
9129
51207
67633
97354
90218
7981
7021
87651
37272
51852
70501
41648
85494
4477
97016
98273
51104
88243
26727
26274
24895
77470
46988
48573
91740
24237
46189
92216
58158
7013
64285
5416
34657
13738
72277
79895
48173
56927
16621
27389
14938
77545
71320
90486
3243
83613
85303
84655
91528
17578
41274
30361
13418
81378
79521
82506
15551
61986
3340
12333
34298
24528
17867
70476
38763
75275
82175
47563
59409
62926
61297
54429
69489
47225
57322
34563
52420
93347
52475
73130
63962
73990
33527
9631
16228
59805
39763
71229
11984
90288
85498
75995
11648
46019
14152
59240
76585
42824
82223
60578
90090
6878
48037
82634
33436
56470
46075
44133
53642
52584
44378
22714
86357
74036
71005
21911
26295
98044
91138
10165
37591
14754
76176
12670
93836
76050
90236
94268
74306
33119
90217
28396
30006
62711
81281
37932
59656
66876
71059
59306
11359
60336
71451
61191
89668
97146
8865
47671
22412
8184
93620
36806
21021
37176
4815
15990
63989
81131
47226
66652
44337
27510
78142
2429
79134
34135
38720
40929
90351
83431
26696
65192
71909
34921
64109
58486
67020
60646
98983
1269
48961
49971
65344
16480
56648
58723
62603
99701
5296
94422
81910
56064
27692
10490
81080
99225
57856
88754
64536
47348
31644
26834
34833
52802
86698
13811
84841
76064
68431
67232
9307
28847
80437
22791
60566
22547
30618
49009
58971
55667
47806
17688
29006
58982
74314
70236
10290
97884
39890
68183
41615
49077
26050
76654
64137
36341
21512
86247
2702
60054
7923
14521
22365
52208
59773
48695
9651
34967
14783
13365
71848
46185
56517
27616
13575
21936
24293
7589
49911
65435
79233
56388
73275
48433
12352
94679
24900
4876
44646
46104
71478
71913
61160
82977
79906
13754
18436
55777
96639
12992
40106
48800
97548
9415
25151
71560
22490
27902
73000
35205
18780
4920
11930
25953
15316
40507
41798
46341
21585
31735
47499
24416
86164
73644
23591
36944
32863
28180
98620
89228
55872
70316
69251
83323
77108
62912
1380
73553
1982
69394
20441
36602
54939
36426
55616
35742
26859
63386
36009
6597
70048
7456
38915
98519
37102
91688
39649
83235
32869
40309
83948
41055
69905
48174
37081
40106
29652
56410
63877
67799
82988
64454
78152
44255
14279
54355
51821
61350
56313
99922
1849
19553
32352
43873
24948
86514
74580
62013
32241
82397
50065
89613
27191
69353
17777
79562
48863
37315
81031
95057
49544
52431
17907
23476
95528
18985
85968
5174
72402
20080
37664
86519
5757
30654
59233
62038
30225
1354
30206
72279
3718
52738
87341
27899
54927
79360
73608
58734
13248
45712
79184
76103
43974
14785
59827
81302
99643
10340
57589
69606
39441
36554
25723
3682
77817
98619
41416
55846
26056
45640
26185
94106
80108
81476
48091
41698
76649
66762
33163
9751
93747
86208
32554
48661
48822
86776
95373
72339
99469
71802
98613
40170
23177
11828
88466
2236
77854
88142
52091
87471
13958
15812
5897
47983
59202
52904
31050
40720
15335
89144
9143
97001
33190
9492
6367
35881
37141
12993
61146
80688
8665
64328
16329
88176
66792
52448
62428
42606
34664
86743
14643
49095
75797
24496
94496
35113
2741
43029
52991
74319
82956
24497
59353
45186
88689
52731
61437
53970
28245
95789
80411
77416
27691
64243
96896
12314
10059
85630
20623
32553
30531
72164
18499
72758
70518
77382
88077
59286
95333
68440
67285
37685
50953
53795
62364
29350
61407
75868
85955
88625
37144
21023
27661
5625
55471
79291
80362
10274
9463
9721
87784
5199
4003
4566
65135
59546
29626
10451
21481
74549
62442
94176
4328
10032
71396
18889
36376
2756
22001
67648
68169
95623
4376
24154
8355
14023
41574
32904
59290
42435
11866
94486
79457
77186
41917
16579
73113
15771
21998
38461
55748
22485
97575
54256
27217
52872
57991
20205
79356
48182
28798
65728
93911
85477
99973
31431
22486
23967
28724
92679
77710
99275
51298
81706
83915
30390
76286
88752
91465
3486
31342
6060
92764
18021
70788
92078
26554
20974
3014
67028
45535
69558
3669
98629
94356
73369
13257
77720
80536
71242
7681
65240
37429
71599
74910
45916
69010
52870
81919
94563
33041
6987
53525
69818
42612
96623
92075
95177
28067
14500
49019
51271
5891
5113
78732
22950
50767
53289
48827
64702
32831
34264
61042
72360
79792
13309
80876
75204
24353
94962
21945
90609
19141
99754
50029
62156
27599
82373
30706
55327
76488
51822
25289
53934
67384
30160
85457
89266
80686
10143
38752
45187
67677
51845
56957
37944
66035
62301
84797
42950
37838
73783
45463
96831
39181
85312
75213
35225
46404
88042
39473
40750
44589
93436
51374
10348
46023
84119
94761
63308
50981
27417
74781
71097
84844
30379
41595
64824
30447
60887
80326
39167
83267
12120
41653
96614
76604
85508
6417
55389
42264
5566
67113
56611
65013
11763
25198
32750
50497
94024
18901
65842
16295
50632
14555
19603
55573
50070
47977
25345
26780
86801
79244
82391
64627
42619
92976
8097
37917
54745
97171
67902
85152
59082
53330
90891
16989
24888
79242
38696
14803
97873
82537
13874
39310
57183
54960
85777
75245
54022
62491
23372
77192
64420
99714
56028
41168
30964
15489
2016
55879
4490
44241
48253
20935
83582
88174
37072
96278
33218
27218
22978
42423
39883
95360
41499
69714
45411
19603
65376
30380
33444
36350
21679
23284
88553
29076
78703
75996
58945
60682
10228
15650
63150
17397
60259
58760
84873
66007
50798
92394
14075
9044
52123
35646
66516
77426
70043
31547
15653
17354
29372
93362
55167
13263
46122
85135
58684
28821
69919
65119
6197
39080
4419
60556
99683
46488
96561
8097
84586
49794
71959
71369
19138
80247
82731
5215
13226
68232
47020
1473
60624
72882
46481
92438
34746
25771
61672
90737
53425
35930
21426
97185
51694
93453
45677
5435
45935
38201
33139
27287
40097
30981
38622
48961
21064
76459
18143
61118
64245
40612
55036
93518
77079
18503
70299
45573
31047
22631
29224
90257
93680
43515
37158
91415
94313
77972
61282
33510
33671
42606
77620
88526
78633
42815
69873
21878
83618
84614
83953
86796
43654
75907
64937
91678
84145
54865
94672
25457
21638
64435
18795
92003
52027
97144
81957
14614
7973
13701
27841
68272
10101
2856
90636
3465
46501
99834
74227
69195
63240
21957
48919
84486
29094
1562
67735
36880
1734
94847
98395
46405
29325
57615
19972
27433
92765
89723
67576
80859
77552
59442
56561
53635
91332
30946
68686
32457
7986
32569
86743
22126
37037
91114
51736
98077
27341
49788
83340
20764
31050
52560
78539
81321
5737
19121
59704
51175
37954
68617
8893
72906
3840
16374
42248
57972
37432
53786
13436
62912
17893
55593
57012
35129
18171
73622
22249
68054
88420
16284
23076
8239
39299
71346
38904
72908
20026
38360
38087
15648
21573
83475
70805
25379
90019
63280
13366
77676
87087
19908
53122
82689
65580
15137
68842
43832
40789
26739
29342
37562
27198
52431
52999
4271
66811
66834
41782
63462
34265
83715
62588
58880
51260
46718
88969
41154
7179
60867
78030
21480
22862
56666
81619
60667
38595
28477
24653
73697
41190
16716
1453
44169
41742
95677
97253
16873
31801
19379
67450
14996
20736
40452
83500
69915
52350
44124
5803
67456
70577
15319
60324
94207
95612
25359
38694
14936
23583
76933
51644
68623
9528
88081
30718
33532
6659
90772
83937
21275
21051
58181
77464
10386
78103
42177
48593
2637
53550
18035
24380
16140
37409
1957
1169
99591
89775
5378
64804
54521
37371
83475
22725
40726
9101
86693
10605
27454
13171
41772
7957
44960
3889
60730
9990
20541
76723
50583
52002
45719
76722
13488
65910
62411
63023
99246
66335
15130
15238
95671
69929
67691
83835
99716
50170
32504
5741
68773
34450
81282
7823
76715
47963
14396
12358
98373
31875
27290
60286
57964
65245
82269
2523
20266
22652
14547
5208
33874
22735
6326
82049
70048
1186
44570
36945
61203
8859
29462
52872
29564
49212
60566
3311
39151
44387
8154
41672
42681
96549
73732
26982
46850
30840
34747
44997
2617
39639
96116
41969
70230
58180
89809
38513
60464
72431
25609
6125
20456
4604
28179
14981
19966
12259
19797
34911
17909
56140
99035
16292
89291
74062
16428
96297
84321
60708
68280
7086
59028
99900
60145
79421
26938
66589
87726
48418
81055
9625
44305
94998
61118
76955
75578
24363
63983
88471
29713
69707
72159
6727
47698
47222
99502
20419
91494
9297
14572
46297
88314
95972
44437
80547
24265
84079
46625
11866
87459
1496
2318
54042
66476
99051
22161
36710
46886
6585
81968
44974
12672
89652
29006
65950
26619
18212
18207
79674
72795
57498
64330
27363
12987
42738
86862
44846
43072
61710
72919
58071
46068
33803
88188
62565
80316
95525
40605
80437
2634
58955
10675
16887
90308
60640
37433
28960
97285
89401
39734
71780
8391
44394
70347
64565
28275
21331
32322
97966
79887
25880
83763
81424
70428
1639
74588
57356
72521
95047
70797
22463
26474
35846
7380
31009
59719
17889
96505
11076
77654
74002
74903
78474
85563
92315
89444
5007
98274
9972
55887
32109
94827
80406
49616
79083
7856
13430
72589
65187
35451
9863
77172
10713
1985
72209
40408
87771
17417
9683
95880
15634
46236
50163
8969
74878
73336
22978
91067
34051
52270
26303
60537
27231
64937
67856
19405
10365
94620
87847
45256
47774
58369
65270
69269
83317
65227
90621
37991
23357
84168
97554
46246
64736
99023
69183
91920
64115
25565
60730
35471
10318
43604
80510
25742
88932
53831
27309
5055
46658
23932
64052
93794
40447
74456
47200
96478
21065
91435
41607
24451
10694
43528
97435
55352
13428
56952
83580
33717
42751
66504
51951
58995
8269
65741
65130
67096
17051
61446
38539
39819
37372
82568
63331
42600
47903
99377
56701
85061
9161
23259
57650
61841
14042
75125
95555
12800
28127
70103
99660
41573
61759
96973
32450
1999
35421
72711
60412
27435
63797
75267
90383
81225
3898
85310
42484
17791
93116
68105
8487
97672
68338
25152
14322
54605
22932
93880
79090
42650
20901
90326
48029
46420
42265
28891
89211
84503
45385
13188
30737
52188
29753
21395
74574
73997
40689
87929
75874
16160
27895
36642
7818
71371
44308
97842
41153
78004
96143
52751
23814
6339
58826
21877
30551
33364
13833
78539
80551
42748
41859
1592
67821
3214
14097
27576
8669
83252
83999
14658
19323
37039
30744
94825
7927
70229
5897
30144
43626
74556
96027
85476
8245
68088
72252
41302
94160
99305
72943
96261
48112
46595
77868
39048
11146
8829
37850
19709
80535
32791
10962
39622
15486
17333
69787
82241
80992
11856
89424
24168
68990
2897
66344
28828
31924
15949
82262
64286
84128
16698
89412
25514
84358
29451
14396
76268
84874
50317
73459
65455
83872
80025
80595
27808
51855
71589
89779
78933
1873
44310
61085
46195
46991
20012
1110
5090
51273
20605
37875
54013
53319
83195
47103
10754
95327
16285
79099
36140
99247
5450
4182
12199
15270
57288
70525
22428
74727
86280
11503
98296
67052
81528
93797
76612
70495
26867
79682
61739
37329
62306
34305
45188
18757
77583
70341
43742
73335
77492
10225
90704
78290
79945
88827
3323
9337
88487
54117
47347
7661
81906
31587
78151
31418
62839
7237
75520
83257
14123
62636
26384
78360
40443
14315
65613
16316
88696
62413
6997
13976
26052
2094
41391
39103
93523
2496
58617
35525
55749
32212
18851
63475
7577
48619
73279
51519
68567
93041
9345
22402
47514
63292
35147
83047
59236
9503
42771
11555
12416
40509
31504
59896
69024
72362
88718
9439
37992
26557
77126
49699
96360
70200
82230
21331
73188
36639
43867
71314
31580
99292
53566
74885
63293
65626
3111
9732
23881
16627
98399
94841
16808
2140
38253
51735
85672
81959
51350
94793
24077
29530
32277
52435
21046
28759
7821
59059
51289
72162
84889
72424
85454
83330
13833
87830
49306
44218
72127
18530
41368
77737
1500
90573
25309
59779
56815
70189
90150
96957
13764
83862
75128
88384
76046
58671
87201
4844
34094
62487
35212
95252
32667
19331
11230
31698
76640
62104
49965
39338
25994
16809
51159
87439
98360
65449
69045
14890
56979
56028
2348
37842
44932
33646
9491
42697
75610
43215
85629
2552
12756
80175
79371
3308
99455
77422
87499
68299
53168
39269
48013
42056
7647
96800
16490
13433
49546
64292
60119
70451
76242
85100
55326
45975
90812
31491
26201
69926
35232
20924
33193
90935
26198
47164
36455
72916
35668
95408
16832
49005
90814
8052
6327
25584
83993
67225
6318
58373
38490
26621
24201
59628
69837
75809
27392
6248
26870
64151
34806
99104
63453
8286
23934
67952
46020
73949
58806
31387
3885
7546
6087
16175
82805
88290
12162
83645
76682
98148
11319
19327
65664
12878
18874
50090
6008
8885
75473
17140
89320
92934
70692
75292
44414
89816
88264
60331
48579
29771
87958
54203
21979
62032
17491
25795
50493
62125
51863
54280
43293
36178
94930
98879
24411
91081
2447
12432
59093
40078
24768
76838
20521
86255
87666
20260
81632
34287
23375
10249
81012
61837
75125
94416
75051
21395
43102
88568
8830
13813
28501
97998
6796
17081
91920
43570
19650
42704
81531
79140
96966
82158
13315
76717
45879
71755
4916
4514
12773
84032
9900
10414
65974
58889
87777
55848
55842
17115
9765
52327
26342
12872
68419
19966
91379
13524
38000
90844
77657
82774
75949
58758
39908
92600
62531
86060
42253
32990
54441
3074
58315
69310
64735
34791
5817
89841
37424
41131
5616
7900
21353
65746
90591
21743
94514
73760
26287
79309
82535
38424
4286
54660
95547
81640
98582
67708
12651
34742
31387
26045
77463
12567
55453
22592
29158
4329
35955
30812
39438
43717
31548
19565
58801
39412
96787
2585
77520
76378
85171
23749
8718
48491
80145
18909
98196
58866
71548
3358
14219
34762
64322
60104
97492
17497
74524
43500
23170
90955
81101
75125
11916
18634
29584
84495
98034
86546
24066
62054
62863
23197
39658
79527
32686
64742
57767
37438
10743
28688
85159
96341
44489
28394
65578
71292
72589
93524
30495
93476
83675
90289
85914
56456
5576
51094
46164
99353
33306
89952
30004
70005
30547
75551
64166
24523
8260
31755
75482
92402
97426
2234
93647
81161
39754
49886
65230
72655
47099
30708
4694
95535
68542
36472
78738
62422
2919
31224
37928
33900
66819
78275
53611
89785
50927
10720
57862
15431
37284
74116
20672
96003
51693
24483
52668
34591
95555
16332
59178
45095
90418
81416
61194
83513
91388
69882
52308
27098
52415
94361
5515
85717
51880
60046
36491
42965
64027
3806
45247
80259
65769
73456
63767
62622
29981
36058
59441
46333
53328
92971
15625
18279
13573
35616
22895
62368
82618
48122
45900
33807
5520
40238
20331
30235
73602
10813
6998
79758
26094
47809
50677
95481
33749
8728
95155
67976
79682
51638
49684
88800
55197
21304
48451
65195
88491
14849
22365
16992
37710
74530
51361
25047
88298
10392
45239
75387
95970
59466
91902
87217
29661
90835
36196
12991
53918
44354
17435
13730
37881
12544
71317
79171
61543
36954
64514
3157
32423
54019
1630
7341
11072
56206
74539
70738
14501
47818
2753
98821
1490
21805
13443
6686
19578
45559
56922
49062
61880
62390
4280
37915
98948
94067
52760
50802
71953
11289
47555
33031
51849
43499
7456
96667
60441
27603
73550
4485
68319
88263
42400
85811
97043
3573
65684
41913
55810
2438
65350
1873
4007
31563
28298
37804
87066
28528
23673
65617
36498
37742
85390
67253
13402
36167
15775
9214
28933
26301
98489
74016
67799
35604
77065
20352
57603
35341
17546
60172
59384
89501
39117
16056
17220
57459
30109
15852
62967
36536
95086
44766
53654
26998
36764
16797
98659
23739
3622
85282
60392
91939
96151
87033
67704
84699
6599
5344
39916
76937
3978
37504
1541
93860
27044
79812
96502
28623
49418
99883
56909
9612
12445
60908
14509
14730
44345
40131
55655
31994
33751
66340
70640
70636
81975
93895
98850
4737
43892
54688
29132
62129
18415
88400
89415
90507
44369
78029
92816
85769
78662
46370
28458
22406
79707
79080
74662
19256
22014
75020
26352
74381
96332
8654
4979
3019
36878
53792
14461
83727
56667
54601
8516
4365
97103
59154
2010
52284
77341
95206
62102
7721
72075
48027
94483
21848
72340
74006
77399
63783
78046
78267
23785
74568
16266
42279
46170
13815
37736
33934
83681
96442
93841
36906
12902
4640
69416
20328
31365
32028
82060
21940
60597
53610
98636
41387
51469
79199
9462
24210
30215
52483
99106
75543
41191
18063
96122
16099
45391
80564
41410
66836
75869
96930
81917
34439
54356
7244
80649
32787
58353
53446
53537
30517
33353
67917
88661
14786
66309
69986
89076
98401
25276
94344
72124
2831
37977
84256
47244
60349
13422
68261
93512
50174
1448
61053
3667
11294
30583
60904
45320
78371
97544
51510
89011
96194
40082
48685
94958
18166
78881
89534
81106
39481
66688
40788
48183
30223
83386
52098
17180
17518
51199
71331
84793
46149
64196
27458
59598
1418
7451
76844
77858
12443
83435
41896
51776
79116
74647
42292
55547
49708
16250
3954
1687
32395
73849
99650
66089
5071
27048
58374
64156
23302
28277
73007
45103
40881
11464
9447
45434
64167
35312
64586
79463
81644
49230
77504
48929
5362
46818
66978
36387
21901
93171
61374
1210
25997
81693
52735
54094
95803
91589
21796
17207
48026
72855
4123
63240
18141
32730
99144
43091
86773
35515
76506
76693
6166
23595
12714
67585
70570
59941
5336
10215
67218
22465
65359
87737
16096
75968
7957
27434
20949
89631
5283
60367
65458
10784
14895
32963
8867
93712
36307
14620
76045
58763
36116
59266
91499
55170
14724
86517
25387
38143
91905
55532
29882
33847
9153
1224
30401
64541
24416
47626
33711
37127
61379
8025
1757
78929
6487
26388
10604
6085
65351
32682
52925
61153
80935
3239
27517
54066
53846
94594
44771
91479
29767
24921
10980
24445
38804
99641
38592
76175
10339
14793
95748
31117
71892
15744
67757
46460
61659
72238
76178
43981
57531
10339
26458
35868
15479
65674
20963
18990
48791
2102
88115
39531
62946
11120
81275
43502
49049
70495
24729
22277
94154
39061
32876
6605
35371
21369
12604
84763
61513
80297
67378
32906
4158
53560
86356
7952
91577
66756
89526
35307
31528
6831
57120
22918
56153
3812
29709
34558
33236
14954
47009
4223
64237
60238
39613
31039
37986
62157
93781
45285
24049
20250
38303
95189
18301
94297
79971
27867
21628
68962
66170
4854
50823
35732
74554
68329
62989
14953
86918
36998
72909
96427
75326
92207
48505
83349
93544
35856
18355
93473
52172
11728
24823
23415
28202
91151
77453
49617
80135
99482
76627
57177
95048
16966
70041
55730
89580
80688
15800
94742
56729
59457
31556
47584
39495
68483
39366
93023
27004
25769
74580
82584
86696
52190
26677
13645
81057
23799
50518
90206
9178
70057
41863
82715
55641
50679
4208
81780
64396
25244
19900
49417
74207
16593
43809
39174
53630
48903
23031
88726
35070
49773
63302
59888
64190
36898
65178
11647
29186
44079
29906
37426
46904
18660
98520
17109
5701
53365
36851
96268
17020
46350
80270
67360
29542
44553
54935
81135
84475
76472
17898
29075
70341
88101
24142
10115
70429
87951
71431
9945
67724
19815
43105
11723
56622
28765
39563
66828
29040
68851
58436
1799
51379
96986
22800
29365
98182
7190
3826
74093
33026
47590
17369
16733
97677
30120
82693
50180
59752
40205
11479
97608
40896
52081
80840
82925
25342
81652
20084
71175
84461
76615
91426
60947
4074
6893
29106
5826
79503
30279
46276
13972
79776
81504
99611
67726
87610
90839
9268
57913
67635
47565
98202
17494
94787
99394
34288
50666
83814
73044
12636
97601
72274
78472
2711
22505
24743
90593
46654
50486
95036
12309
3535
4360
22653
87387
84886
3952
22393
77383
17484
75542
76750
69210
53535
9309
94851
22116
54785
61680
34991
70295
11932
11289
72308
66687
2315
47011
38629
68946
49596
6920
74487
13668
64466
78944
87346
90027
85041
5301
98946
17311
46757
19004
47624
91381
66326
95168
39227
7860
9842
70193
67081
38925
58844
17494
81206
76137
42726
95471
11527
75487
79748
18333
53352
4577
79843
34274
44230
45575
61865
90039
32701
46725
84294
37693
21869
67158
33821
77708
56454
17265
93800
68422
37966
99806
51414
53856
34024
11986
9073
74396
1757
68387
28525
57730
43420
81592
71117
5069
27884
98160
10483
10747
1868
23250
7041
92533
51531
32368
91291
18251
38276
94305
14474
18948
54698
50780
33606
56463
15787
14941
85465
81000
82048
19438
43993
18712
88646
70502
56546
92074
66150
68701
38050
72389
75636
42695
9601
92385
95096
56860
58438
23104
65602
19276
41275
9240
68757
54402
75416
12935
59775
70227
10406
96965
83002
74286
6601
86000
91925
51322
16622
46365
38573
98318
31434
22114
46405
5970
22547
22400
11313
8140
61106
1083
13686
63441
32962
55096
45718
46734
87317
30477
29843
73539
64740
8020
58348
4677
44426
82565
96568
74031
47114
85212
91850
61163
62811
3161
9141
25244
20612
2140
46902
89764
62857
36925
42545
64133
71357
80185
87743
88942
24997
66637
58752
17891
66936
41358
35293
29445
6627
33543
37124
68833
91972
14604
80254
7544
4428
82415
7135
71448
74151
98498
10756
36293
26252
22178
36377
57395
64691
78657
23074
73091
62992
18090
55214
18131
27194
96809
5484
71060
40839
77459
2427
75301
34211
52028
4101
27988
30880
60048
93325
44281
88651
36182
88557
31552
70637
40111
59436
41459
77383
85483
81060
87565
28119
6259
50126
60353
15291
71465
87515
97750
36688
28608
27845
21428
6687
41080
99441
40209
1334
69965
52028
87392
93338
67404
28499
48655
18684
42667
18778
31508
34723
90392
7391
37680
10560
83899
14434
17197
38809
5854
15946
33890
48949
89498
31421
24134
45548
30211
58574
60705
19367
30271
51971
45970
52048
76841
20382
93674
44621
9739
53385
90232
52631
45071
75265
96272
36738
39536
14273
81050
79064
30988
38265
58388
47256
72486
29736
87717
48751
21468
86740
79186
45433
50342
1944
67427
52854
4686
77023
98221
48063
1403
49532
28009
4188
37251
21023
87174
35758
61825
74860
51810
63717
51785
56272
22377
79101
1701
37219
82066
60346
47326
78885
76922
5431
56250
49590
6008
84383
1460
20037
29575
5244
91564
75982
71247
95777
23930
16186
2585
21078
55885
34060
57885
10916
21027
67145
79134
42571
50724
26452
99563
81655
71395
98451
96879
61641
43581
52149
5064
59676
54456
7820
52645
42772
3465
16773
56016
37590
88359
98106
79542
66174
52119
85450
7430
18032
37209
53104
44215
17410
43977
60000
69519
10201
12294
26141
80177
14491
89659
72960
42118
87521
85004
90800
25377
95845
19532
57036
6603
89449
30502
78302
83236
18831
56672
37869
42256
51223
49836
61017
66808
67687
36755
75758
23001
60992
86409
87042
65155
98401
56106
47918
82898
19721
37673
37191
68230
41877
94245
64855
52099
1082
89096
94351
30435
66212
71147
97957
32809
95341
33223
98951
98099
15705
90615
7270
8851
97661
71984
94192
53757
19792
73032
93155
29297
44747
25894
27908
18130
77026
89392
95498
17232
78663
67044
43960
27673
94587
90442
69820
57429
12579
21039
20098
81407
52782
36051
52551
89167
76756
61707
24040
56353
75271
94254
24164
66818
89973
98825
12654
76233
32508
15097
42650
87215
7675
37369
63167
64530
24155
62583
91520
33156
37720
33758
73177
90555
27347
49101
4708
22768
48850
30720
22096
73227
74498
89105
4234
46166
83782
25511
91702
82299
55038
53265
62057
71655
57571
51073
98560
95860
75919
13201
74210
40720
38164
78673
74935
98671
14312
47982
18077
71093
94039
98774
18317
17373
94618
2836
72761
28667
36994
47160
81501
28914
93490
64149
96128
39471
65835
48803
81563
92936
91157
12266
21872
58969
32215
28982
8919
52080
15276
32510
93098
16310
42152
79847
25141
50566
22462
98088
13209
52367
47112
28138
53020
93337
59033
84070
78865
73191
34791
86740
41711
26674
83794
8457
32230
89546
98365
77374
42911
58152
35175
97782
25107
77714
45996
41302
26860
59478
87928
35815
92445
18991
2159
72431
86139
88041
50837
69146
26841
35901
34314
52549
23070
38516
43362
88325
96173
40970
57833
46444
41014
70078
38075
50682
1265
61064
62125
62994
3680
35503
3297
17947
21577
14889
33897
84441
34410
58939
14292
29240
18499
27744
87219
66251
91609
13813
40726
6734
52609
49013
79151
70188
82983
97760
39927
38254
42824
83901
25791
85032
28299
89632
10039
17975
36038
80588
88110
23980
23108
83567
26579
27234
59493
63082
25913
35022
39799
70448
58664
92970
80890
22345
19951
35672
17759
72158
20600
35292
88617
47212
54634
3018
15992
42551
54946
44135
77442
11405
60102
10433
73551
3635
7851
55125
80410
48112
13247
70177
34037
40128
33121
76683
75476
98737
54594
71126
17339
37758
28180
26059
8329
43005
66456
82170
21485
38145
24218
65270
33327
77850
5041
96544
43968
47461
45931
51705
32353
8278
42284
37343
68296
35262
36065
14727
27870
43355
57383
45171
52032
33048
47238
42137
63567
30906
61222
90206
18976
57615
33949
87542
77074
82613
8689
77894
64257
72108
61445
75689
8987
88923
3604
77073
95815
77638
47359
93269
59719
13490
94355
52601
75942
66558
13324
56359
85375
13180
5886
47600
70083
60992
54062
84912
14349
41809
20146
79405
92371
52281
47350
30967
49712
98904
43843
65222
30712
96597
13275
97254
54204
46639
6800
77083
70904
91736
88782
2222
22790
61293
15093
71873
53201
92969
33039
85031
2912
8641
12686
49394
29020
40806
70196
69976
95947
1624
59720
11542
17817
52713
83469
39074
39096
76961
18175
7269
82334
70471
46386
79951
6758
88030
35695
73407
13345
44522
95160
97429
21072
36324
92786
58306
52282
35890
14650
61099
24545
36558
70382
17340
24461
30391
96191
3285
23051
28889
29828
82289
32914
42365
56270
99033
30725
76638
64290
80909
59580
85668
48169
65891
90198
29372
46225
96651
76120
98154
86672
49575
18500
77526
68284
63970
4401
76021
93844
31646
95479
22373
18388
74403
76163
91567
46542
9890
88212
18737
94224
54630
63287
28797
15676
56784
30971
38067
87175
12274
36640
91269
69948
67970
17853
53514
89954
14255
90539
14309
61464
13867
18788
22138
8399
49925
2613
1615
85015
47636
46795
30645
13085
48395
41399
21583
9296
64092
51953
10730
72757
56575
9093
75278
59286
21488
69682
22985
66853
22567
31276
7083
66978
81466
41984
1490
9218
5442
23924
62626
52924
91866
45862
65649
95369
48121
68789
92197
56814
36580
54595
76688
86360
36646
95815
44910
73923
25684
62216
62860
22773
91931
83162
44962
54961
84108
57775
24407
3779
78460
1772
81488
49684
95892
22938
69470
45792
34859
16837
87061
57529
23581
7676
82123
55122
15776
6789
12102
12730
13188
79408
94166
90470
58164
5208
31893
21422
29494
66201
17953
53570
63919
61588
71622
57411
3709
46964
88552
97494
67356
43711
44905
73893
40984
88075
84858
40833
87217
87244
98869
91750
4644
15332
97964
36773
93232
68936
82651
26271
82340
98431
56974
17994
25443
1035
4533
4912
22663
97891
1880
85266
94142
91192
97671
32577
2907
88216
69789
41608
59336
64769
97190
21221
90728
7040
35377
45905
33233
52698
6450
34281
74118
93295
74341
39262
7549
90239
98963
17017
8579
98343
71326
39533
89053
54926
36450
87492
94215
35721
15422
84800
62848
67695
29261
76247
95269
14420
86553
46569
42911
99774
60310
1225
10853
25981
58169
20002
18356
52022
26792
52625
83783
91525
19604
76947
93536
82464
9017
3141
25283
1484
32952
47081
26453
90554
68849
82733
10814
34339
38854
94688
19622
55749
43575
7234
45634
49347
10713
50582
4267
41722
21817
32018
63663
24232
94026
13536
9138
73540
42000
3417
3138
35503
11463
76592
60734
13234
30951
52916
50859
48866
69156
64257
29909
54914
5229
80470
56258
28602
83411
93928
35287
51047
81044
6756
51684
5324
13247
51915
88766
40260
75340
28339
69096
32532
35595
49249
67331
15008
89747
41575
21727
59832
10029
76107
26593
62568
84376
21966
41388
99352
45386
46799
79383
38348
53552
98181
98471
65740
35596
56007
29259
5688
23224
60216
63782
47799
51469
36958
72200
50331
17329
70159
40174
55471
88289
85179
18274
97643
50276
55835
48145
11183
17106
46211
15146
92236
89632
50289
14036
94618
64706
17210
81971
18701
82515
77989
12341
72843
93237
26371
46587
23432
51295
8298
82544
38090
55338
72135
46581
58185
66045
62429
41021
42570
35581
12697
57715
94477
91909
3999
58300
96624
11021
86605
27944
94000
38523
97903
73341
19723
4293
16414
37685
14675
98934
91942
41615
94295
33922
33529
88612
10768
5382
12108
41295
47452
85797
58036
83028
63188
14831
13173
30398
91246
43974
28080
69754
84214
31589
54186
9940
21780
59808
47894
63285
95969
36149
33599
47033
5944
67511
16883
50296
87340
18260
18032
16672
15600
27398
76852
97482
2238
43328
49904
53591
54687
44102
1111
89869
73499
51655
88361
94281
90903
75520
54641
46740
87476
12161
35475
45565
31798
71427
78620
34901
60888
91697
79243
87460
28587
58949
32332
36485
67155
3605
6341
3007
19466
64714
96763
15271
79244
2638
98389
92842
72951
71724
91139
75373
56802
41624
24023
1816
55704
45310
75074
69331
2085
49086
22932
13289
16663
9180
77352
47624
92189
64414
98260
69548
18621
7326
22243
91132
26650
5114
99362
83360
87821
22093
17896
72983
34261
56048
89811
5724
89662
47277
90112
31878
92098
27272
74067
41668
71583
36076
18264
35951
48635
64989
79516
70193
74783
97169
48273
78170
21422
2533
28199
77931
45100
4253
37569
53649
74631
76123
32901
17418
27515
51807
16643
55416
17528
68401
79321
90772
44606
81599
46149
57667
73787
91973
43896
14207
61514
42885
62769
99590
36551
40869
69807
17978
95661
89056
44221
58993
69110
23691
19107
25342
49038
45936
83221
36131
63329
88154
46784
17811
45836
73472
90081
21958
86622
46789
26380
76535
16994
78403
73863
75576
10036
10686
24327
55849
92070
9958
25891
71260
62631
57532
1068
28270
21344
48309
60278
45914
79532
61600
30653
70425
81343
95907
62582
11027
88422
40713
36003
70390
14577
30560
7252
43017
28955
9673
47724
63959
42455
63022
47004
17331
17469
81445
17638
34574
87171
16578
65318
9161
37688
19080
19387
19980
25272
29647
34846
78619
50130
75029
16277
62995
29827
36331
15828
18221
8172
54763
37448
86790
24494
57961
36212
52474
43076
70804
24780
55738
45576
34530
79959
99060
40565
73177
52923
68828
9831
70348
67745
12857
42606
56228
34637
48480
96551
98551
49070
72595
95438
32562
34580
25000
82121
1724
45080
85496
58374
1973
42999
45775
43806
69824
82848
27586
54376
25512
7233
11242
68174
41659
7179
71865
59512
5708
79358
64008
84057
57194
22248
89453
9341
35398
10095
11431
63520
60270
81988
69378
19281
6195
20454
5240
4063
71323
75513
72645
22044
54491
49989
2527
29369
70178
70254
51280
83111
10493
9591
44580
92625
54509
90345
30788
8485
5540
2251
67617
56592
28814
32353
9924
55318
59552
8044
12754
29873
60696
90957
73353
37489
57314
63650
76821
59198
29787
94965
3738
19957
46150
8430
58856
35068
57347
87386
90082
1509
2188
52496
7796
5915
7329
47418
60712
73159
24052
15603
11294
88398
27127
3095
45066
83634
75281
82699
98876
41718
73828
50417
38559
6143
8087
67884
21222
66731
18390
62851
15119
83425
52878
11316
69306
53830
57292
86878
36709
24500
81236
35028
49217
27741
21209
23429
35741
73133
24885
55180
27810
60181
97876
14023
2867
66706
77822
68957
49649
84177
24715
15703
59719
64664
75135
86577
82163
28460
46023
75118
66415
2309
91762
87563
13612
88067
79601
56938
18027
81388
10284
31287
94534
89419
32471
50893
77885
59410
56674
28693
60322
51582
88338
64717
27939
9707
8774
13917
23466
5805
17163
58595
41013
50507
29042
69660
34781
73970
70259
21470
65650
83372
49825
51522
75471
62353
81777
69020
15690
8741
63565
26015
35718
81906
4693
81204
2508
93079
4609
58643
68771
14214
76463
16703
29352
94477
68641
90354
46909
88923
89085
2542
56701
66907
63859
86645
98550
82683
83863
37102
11817
70403
69021
68870
31357
58760
52591
22825
75126
25949
38725
66420
22976
11660
83063
12254
19501
70744
57238
13209
33698
41454
10447
52402
98704
41195
17996
98488
61957
83904
97021
92986
84738
54892
33494
36183
75493
44542
14661
31374
57231
35643
91988
34627
73885
82925
11876
41486
32139
94656
37185
5517
10365
57315
84127
15588
29276
55672
16836
74308
18799
94943
1791
24734
62059
73489
83725
30802
46944
81867
54577
78190
23057
39013
45204
90867
75748
50796
47756
97044
34777
65098
49280
13461
36724
29372
20780
55551
55300
70404
51213
76095
65547
44215
32016
88200
35224
82552
13329
93521
26042
81356
66733
59642
66448
83190
33602
7567
56483
53140
52294
17995
82767
2566
49529
41963
93289
94237
47053
84190
53313
60132
52784
26272
19859
13766
52253
55260
18740
16086
60034
90951
8991
62853
58483
73379
38076
83030
21965
96830
19235
52801
14831
40923
30927
68310
27335
58064
66728
23309
78511
19104
19871
82676
37279
81632
50400
75542
12830
19863
48048
96712
40227
92611
76933
10955
59256
83295
87363
33936
83132
75753
97338
34775
2762
53602
45224
73531
32765
26731
86421
21736
19605
85733
28100
26109
73913
4606
50736
71256
37703
3426
87390
65728
8765
90737
66569
58665
74592
13866
10606
48595
76749
64883
17444
68689
32351
7975
58846
32698
16162
12235
67886
31961
80863
84579
61036
98480
71747
87473
98800
17348
78281
97834
26367
62748
75010
57343
31617
68963
59706
59779
89906
58702
95836
47569
62594
73114
85790
97070
14496
20396
25781
22865
60835
56088
38183
11074
97115
47775
80670
56248
35679
75937
91075
91526
9155
81396
21981
37013
7819
57902
4748
59658
24554
65805
16599
60265
38036
73758
37304
83546
54930
22419
26696
20223
9013
46548
74978
64178
12583
19993
63931
36333
90852
75666
59911
91403
32743
91476
93972
28977
2440
47830
21208
19784
27830
43325
80839
13358
86965
64482
98408
91371
99862
48177
96114
86242
6185
41964
89805
64398
12314
23164
40238
84945
32746
51354
12407
52213
89662
56428
30924
96017
37841
18529
95622
33485
2448
12432
93514
12717
29306
69769
53329
83995
11169
92307
62693
18081
53647
69319
20491
37980
34945
99337
49729
17109
5789
75664
39885
43880
74740
50911
3392
7123
12057
52836
63155
10550
29517
26954
21254
26248
23196
17273
21987
62039
70037
46778
38025
75328
51447
21972
91116
12520
8708
57956
31274
8678
97692
52772
7621
61804
84390
48009
56713
80816
34762
78255
47414
89321
45907
85768
57908
32778
39613
42041
59180
68698
13990
17062
60545
26929
4876
36114
49415
53183
96903
30033
85447
7894
80565
51948
49073
38613
30963
71353
19144
26605
78326
60928
38045
13848
75350
9517
32753
89208
86417
64337
61103
55883
50500
33924
51425
64171
66318
69461
51542
53728
99581
70311
75562
89760
62636
29870
2126
6718
59465
62919
90306
62287
60553
99516
5890
24861
64671
62123
93067
9730
42127
98480
11473
34685
34456
31159
70910
31792
28014
72812
85945
76623
12123
4615
35678
1140
31348
72108
6928
66325
60593
2902
24058
29381
43656
73518
46956
4401
87241
37785
89313
24672
36537
26377
88374
79662
7484
63904
94626
43957
3982
82165
82235
58884
43955
93375
29509
12447
23887
62467
98705
76019
98971
10051
69213
84494
43033
15712
30232
46757
41084
57478
82725
89044
24321
67514
79224
2702
10871
86060
44292
33106
79320
12689
37283
80821
65102
40936
17373
80529
34052
97162
96458
5249
89658
7999
48811
42687
58194
80526
89276
3706
57243
15118
85075
11845
4487
9143
3346
82556
12454
21254
17580
2149
80402
73165
48114
99509
30102
55091
19006
55714
5507
62068
13137
90003
39892
44313
91310
98777
79494
99128
26001
92288
25198
7999
27490
10176
86691
42328
56478
31879
51088
39874
54072
68315
16209
37328
44297
26434
55417
33660
86432
35019
88598
99833
66338
98577
20289
69621
2266
94720
50013
52021
85448
48651
15056
75333
32070
58046
86733
42805
59139
62913
99070
47537
33577
43075
51103
93465
34963
22732
7585
76072
70761
87980
60325
62822
10986
90464
61232
8028
96833
59020
47288
75395
87888
76574
86149
57713
74495
9949
7318
47862
75740
31807
89181
5864
86729
49263
80482
7519
94446
10461
98656
65949
50927
32001
4802
33176
91696
87344
64236
65791
97133
12883
8015
77240
12515
84188
55356
65518
20791
4149
6526
2255
35615
27699
62605
33384
37460
61863
99577
11841
84370
94482
16190
10002
68266
16939
69350
72749
76152
35347
85107
9697
79905
76765
24911
82141
91914
89147
19446
22918
26702
63628
70439
27884
75850
5145
71641
24081
30017
83083
34642
60404
51416
27667
68947
23538
39503
90936
97412
24845
99244
47039
91046
26021
2403
9459
34583
61519
2845
53970
3664
81050
63335
8964
25360
68419
37994
69302
26020
49906
68119
72229
97954
61359
89838
56416
49812
54617
60029
48273
17766
63066
57932
9116
84972
19626
90561
90542
10783
82734
75031
24129
81161
79137
88588
46974
46196
36938
96384
80717
72202
50711
80211
88561
50316
62406
30118
56633
47643
14615
26790
58871
53046
18778
57077
84556
51394
51582
24166
67740
64409
14978
99778
60089
81449
52042
97732
89613
79288
31532
10792
4962
25268
68673
25000
9344
76387
20590
95792
50001
79185
50344
33649
16543
93628
61169
78263
92392
85345
22761
52551
44001
70357
76688
55251
30050
32147
71289
94551
82435
56061
38602
79381
79227
26799
48741
67218
68699
33378
98174
14212
74428
32929
6924
67963
51066
97218
59266
54970
83513
13630
40090
89988
87933
73740
62566
89284
80737
40136
82638
59025
28006
73348
72476
43720
84435
11304
91494
8572
87563
47790
61758
71673
39512
63106
89000
3026
76750
77479
70898
87056
8251
76319
14945
14038
94014
38786
77473
70488
31834
19557
85534
40486
10477
17651
74416
87766
32162
9544
92412
29886
19453
40394
84663
49208
87415
61566
79574
86648
35132
82297
47754
96886
96489
96732
31721
36434
10063
91576
2892
77554
67788
54153
7531
83884
96947
97695
82160
74420
83731
38587
59204
34554
71436
58199
47066
42874
66130
14923
86408
10365
12205
97211
8936
55329
57843
36304
12988
27560
98080
20276
88077
88497
5629
7872
97862
88091
90366
84216
52945
77138
67529
89709
45774
20012
41138
68807
39061
41889
10075
1382
90078
51892
62119
30589
43015
45421
7457
21054
9773
20865
74985
81974
61952
27934
30525
43741
19061
91312
18019
77348
83708
79256
17419
99025
25197
26706
13328
73659
89038
32902
30092
75904
50338
31498
34288
79827
92483
69308
96710
42260
14082
66873
96405
95384
76530
75643
25735
4253
55565
2798
98513
80254
26906
38221
40038
36714
33204
92842
33061
93494
58934
29388
15839
39095
34360
86104
85501
51158
61714
24433
41475
54308
18941
99855
26344
51975
58241
99106
89467
68367
55668
42496
81408
18253
23818
61510
33565
43405
98719
16861
49380
35221
3429
26247
48426
24577
26101
14741
67292
15928
25063
17008
83603
36846
56541
70415
94033
69773
6703
61083
53626
85863
89889
53724
24632
42289
12163
88669
15471
52016
35075
55835
51251
59579
79040
79892
10708
7730
40728
6602
44932
54048
37814
18153
65612
97234
41864
51608
2442
49005
34449
85300
76630
36343
88222
85585
80763
96801
13059
48807
53132
78416
22117
1873
11261
91155
16901
32568
87423
13167
19162
99320
43987
46900
54184
30017
90559
88334
43369
37696
43288
77156
34862
44382
67772
22022
12701
71704
58808
55117
96788
58365
9063
61980
58985
69284
14637
13362
79412
18393
39331
88550
80641
16009
62789
53913
49085
18226
75627
12564
48330
24927
97350
40871
53432
21544
33686
22256
26509
14343
99175
77032
34334
58281
51732
77961
48894
35448
97031
87877
90993
12711
60214
86129
35101
30288
44622
80152
2905
48051
43607
74863
70064
56649
72580
86280
89219
36674
34551
17550
67912
68345
69705
94944
25207
92341
43933
42222
94578
15182
51231
32980
3322
89461
39515
62500
11006
89569
30631
84525
23265
16543
49478
73680
85935
9394
9529
35190
54015
77468
79293
13441
3275
75991
61062
10265
81899
57153
25960
43329
60456
2202
3998
83057
33509
85658
30232
76256
39080
60768
74459
97324
92648
58103
78180
59460
80125
8652
75131
38806
36552
83390
40355
40204
48241
23920
17579
54444
30199
15045
85180
67988
3890
81731
56984
39307
34436
6099
27280
55895
7884
94555
86638
90287
58937
76304
26456
61802
62221
26178
83324
49182
65976
9039
66915
31688
45858
56879
59988
85160
37890
56839
79429
84498
91925
22600
78478
96697
79567
21699
73935
76371
25736
33011
80757
29686
89867
20507
58789
77931
24785
40207
66718
79236
3091
38343
16174
34516
16705
73566
95554
50963
57892
55289
40733
53683
8010
63148
12031
85777
17487
38451
79307
45107
58548
77787
13265
36466
69542
37039
96544
16285
56355
56374
18246
86339
56664
40099
9316
61610
33305
14355
85534
10396
64580
89629
75988
79099
33698
72779
82585
21043
29082
27270
72156
8494
86841
6665
57245
18016
66712
57409
31154
53374
29633
33109
76024
15887
4715
12401
83809
43522
54238
35024
69734
39465
14948
81585
50034
17367
52492
59280
36831
15039
41626
78772
78224
91140
1464
92673
41621
93076
88148
78399
67439
34006
32207
95958
71626
44065
3217
40111
88620
64149
97845
85371
56393
36637
22760
42647
66527
5963
60539
94764
95307
20906
87976
10190
44810
33387
82919
76597
70294
39319
19686
58807
54995
76793
36321
34717
34969
29720
85951
64680
45612
35794
60238
59908
12203
37844
59549
73843
98077
9087
72997
49393
79916
54981
29168
34842
81868
65337
45208
46958
74140
82036
26565
91323
24897
91806
67134
28892
41874
10376
59202
78766
88509
6234
96208
46456
46877
5360
52789
53552
89519
82981
59158
16922
29895
84415
63245
76693
64263
89782
10179
59480
96328
51605
52404
59829
78263
1587
98118
34318
62788
98467
12320
34191
4676
31791
57346
78549
39420
59896
40466
53999
69247
41519
30682
27712
68389
17224
5827
39188
45546
45115
85506
40881
23891
47867
3141
59933
48074
48505
42033
2101
6064
88640
76594
75708
81187
56176
41029
50175
32206
43879
41308
10648
40668
27750
48107
11512
95179
11231
15360
6211
19061
62164
52033
94428
98671
46538
31100
1010
36996
37272
37732
13504
4107
3254
86236
46055
4251
98963
88703
46071
46019
27515
48196
99557
58992
2197
48907
88330
21618
54306
23314
66600
55445
90343
3123
14635
50282
4132
85774
70474
21629
56726
5980
24593
5396
91077
85524
81161
52946
95300
57973
3210
25206
60857
41141
38391
37523
84156
24386
43152
32055
1634
56542
93738
91367
24550
84960
2641
97458
12323
66673
43423
70320
76908
23755
63301
44531
2894
77275
76087
49299
38342
89882
4255
46403
69740
49756
53195
79986
95265
36516
49630
33672
33153
81896
95022
87747
1307
46898
42769
23466
59803
87843
9394
87838
14661
20520
61552
41448
65703
37284
15460
86930
42277
34333
74883
77193
47606
11982
73474
22054
34345
3440
78043
81351
48444
56911
53620
62530
67504
3997
63026
92242
69248
22867
2015
49318
62881
60415
40821
55353
78437
54189
97860
26800
56536
99263
32901
51303
61966
85227
93462
14646
90635
84696
50309
60069
78149
89838
82230
7186
68995
65641
18492
40945
22939
34168
97226
51142
53875
20106
98520
60921
79636
3177
90089
71594
66955
94178
72950
34772
52492
65318
2663
63119
64158
93708
83681
56814
54135
13742
43822
11552
56113
29808
58727
69752
52677
53559
40630
98227
90226
71305
27161
34154
43393
31201
84699
8207
1078
74712
19320
75527
99968
45307
92142
30407
99591
67233
51778
82106
20592
20818
50741
56015
50246
20101
70099
20908
91125
92795
75550
19069
39400
68503
42115
34785
9274
60290
10799
37705
67450
78886
99458
31097
10258
76181
81560
46495
55988
64634
70010
52823
17038
63819
94654
71897
55634
28062
55026
20872
28489
94822
8633
1290
95517
19986
99162
91846
31530
90899
2506
86857
80748
67119
21801
30624
69053
3710
42190
28044
17315
81138
28982
61679
49957
20694
80597
30625
7842
62117
17339
82987
63773
60134
47080
80764
62165
97200
30552
12091
53448
4531
47888
2656
38210
45310
62384
10168
29537
10964
52496
34929
99626
31328
6248
56139
54086
44570
7176
38665
98668
51344
90559
52027
97087
43062
34645
11756
43078
83518
25232
13811
10814
53564
46605
56482
31857
60095
41391
34267
35188
95999
91990
73053
98212
3139
16139
22718
94287
67628
42037
44494
8595
54290
8861
26486
80889
54818
95475
79925
1250
39797
67290
84009
12491
5389
25210
33482
78966
80168
57513
68412
61022
57202
21447
80198
8495
73257
43930
8939
55165
84319
45921
92390
92776
56826
20443
61400
79987
27551
45061
30796
72031
36300
43230
94189
89311
12164
42846
77482
80334
28397
53863
54242
42091
89914
59266
5124
25451
45414
97267
42852
20212
55837
99392
17910
35588
68157
8524
77202
56404
99564
6476
23190
46243
35483
71390
64650
93769
19686
17469
22109
99720
61437
55053
15834
69870
23523
68655
37478
10034
23263
67662
44507
25885
20660
82137
58533
6685
95936
29436
32212
60596
59050
3196
29696
19436
47543
38258
66160
91277
38536
25211
42320
11283
37786
73861
88891
30372
40100
82364
12290
96402
72673
65121
67782
97722
45089
63858
74856
98371
12065
73679
38722
57777
85174
45804
99394
77607
13180
61417
65224
57240
31873
48350
61483
29982
96686
14451
37620
3154
1287
91770
22081
54740
14113
79324
52981
61958
80510
51657
30002
97926
48130
16908
75010
33950
60581
12609
11581
53144
28254
60391
39869
65698
48400
95076
78295
9057
96250
57934
13739
14525
72552
5228
12459
32028
54256
35662
50271
55932
98126
86207
23543
89963
60280
80901
83002
20222
61509
24130
88755
14058
35432
83771
13713
62401
20380
85607
91880
16481
24311
68293
66479
38252
98393
26583
2805
48396
60315
29714
11411
74933
70552
12178
45668
46874
77635
59323
57867
74511
27165
45141
67545
91312
30427
6671
81950
2791
57778
24916
76439
21531
78883
79226
15176
50393
79265
65531
91715
72513
5157
44833
59234
65883
19047
25661
45656
19072
27611
61859
55902
75638
86386
45035
59035
21780
32230
51256
40215
48698
75886
98346
16882
61414
59072
47741
6834
6964
53313
44764
56040
1440
98126
20859
35321
93518
80306
96926
35984
38553
8066
96849
67701
68797
61226
7388
96608
83010
66016
30636
34507
36347
98683
6294
12393
54494
23440
73923
11142
73740
27615
97754
21700
67549
85880
18354
6621
10424
24149
13664
75609
74291
44853
90194
99704
13595
51479
35060
80912
92823
68919
69704
93337
18403
79859
82058
19673
84314
33170
25595
39584
81316
2671
37823
9784
60914
73912
68593
38779
5424
91599
33170
72491
71652
46234
9029
10545
5203
25778
53546
89785
5630
6479
81558
75448
91162
49604
25625
85425
14824
66755
45880
68706
74920
7262
85474
31762
7894
43824
13179
48876
8848
82029
4659
63857
9076
9396
85542
48448
82249
49240
79550
56165
72426
89216
94647
30820
27141
89900
92872
2119
32278
50976
2880
52001
96399
40042
22047
70736
81937
85441
44714
53024
47495
71522
23745
92409
27299
27828
56548
56749
72696
26508
67080
45758
94825
85568
53814
12532
48538
48480
27361
26271
41725
95622
40997
52684
98599
88278
62077
70754
75730
49913
97483
99710
91975
66395
72789
12302
53187
14326
94134
91865
9554
10000
21762
17852
52442
68013
4701
11832
47733
68953
90692
76036
24728
24839
99666
50695
8232
74063
69139
81510
78677
5174
88805
22391
54822
46966
44538
85991
97023
72158
24486
59358
82655
35028
42631
52319
93667
43718
42150
57811
77522
76853
72564
51180
55179
17061
38740
13285
27051
41114
78233
35846
4325
24867
28049
84233
31504
49327
70863
44234
90465
52287
49055
76343
91994
59690
12830
27558
92463
35285
27220
76481
36707
74931
56352
25297
83745
88038
6805
63490
31632
91779
34258
78650
23762
61319
78409
72260
86727
75562
88250
21400
75630
55770
9416
89125
99416
90065
60408
40885
99615
88986
25988
59520
17592
45910
69236
54651
31949
33137
87671
41923
24211
55803
12810
86489
56240
29155
44286
41099
53425
41981
9959
32195
98296
11726
41649
39921
93768
34920
55629
42727
35348
47001
81831
98335
32996
65906
55774
71086
18672
61535
97696
55102
25176
72000
4682
21833
25272
99625
84617
26436
9734
85364
53601
68907
17099
32345
27719
53166
23263
3601
37241
36004
20871
64463
94751
94637
29926
89749
20703
38535
65141
22506
68035
16536
5860
42903
33067
65106
62972
22119
27590
10575
11219
13865
38411
54725
80545
18519
44930
63502
8581
54812
29797
2712
82510
27140
31105
54664
67853
34491
76221
73842
10610
2772
12032
68432
61919
34533
4827
84821
89298
24018
56346
98686
19909
34592
12116
7747
98443
40162
15310
68825
52912
73183
7173
98687
78019
43149
95323
80654
23850
41303
16096
20798
69224
63906
62132
67509
60652
32672
39500
85043
23267
90770
74334
74529
37113
45657
13292
15027
94903
20109
62965
11557
70868
13053
36809
9220
13151
33318
44033
41118
77091
59365
35225
56751
78001
63795
94504
32043
42299
29515
65021
4761
96655
18467
41078
64795
25557
25302
60478
67342
96795
89142
32243
13264
47474
85857
82055
97004
25528
13389
53094
87254
73249
31811
52797
52515
67530
17989
93887
88144
95285
53909
68449
52541
10742
13195
74261
62608
14567
42283
82609
1001
63808
30410
36174
92455
2632
80668
19795
99251
65754
2092
91547
63065
11289
87409
68080
84593
97045
61590
40707
83352
69133
50802
55451
43123
23594
13725
64863
36991
47535
23361
16336
7216
42986
97253
34497
58474
58007
92628
34503
1670
51679
47806
26614
24057
57131
10499
70682
36829
72250
48530
73289
92387
80545
1277
84617
61312
3217
72164
2577
11248
22332
99842
88715
39755
22807
86929
52872
81136
58436
62220
32637
31818
35292
51432
22181
34162
28918
54294
78610
64289
29357
31493
68768
42252
12192
69059
95702
67937
33626
84171
12286
73420
14059
22788
99511
41116
11745
6486
83212
6760
16413
22515
27480
4314
18530
78548
70487
28273
20804
70071
34718
79788
45002
15449
47062
91363
9586
78211
17614
68758
64323
54468
30194
44838
27957
43710
42308
77741
60415
37509
86499
1465
83441
87390
73894
55532
39607
57954
17664
7459
42483
32692
42777
56597
25282
64596
5018
8286
30531
92478
34120
42745
48989
36575
31417
13236
25174
65020
56817
32033
6292
39286
58889
46777
85103
58720
43014
44076
7245
22456
7130
83388
30538
81501
91235
35328
50805
72005
28005
18257
28870
61045
5717
30388
64629
20756
53756
79567
97003
23399
23132
9252
27712
15484
46005
58022
86411
82288
42793
64465
28738
7730
65389
63427
58973
78880
31428
46730
20690
20818
48079
55294
35776
45628
99106
61997
49667
48704
54618
99104
99230
30272
57384
96299
15607
45543
52515
19946
85735
17834
66093
87036
89914
88166
45823
72962
55857
88586
33492
24182
89708
34793
77592
97568
83332
8984
66342
34195
10580
80782
6163
95958
24393
20723
36945
43367
69926
51438
63331
22248
20694
94961
98090
77925
79313
73143
87065
43776
34550
21792
48835
21199
15277
8650
4203
13554
85519
12062
65374
98675
24754
9407
7775
36397
4501
57429
98369
86416
74005
19174
77486
86686
16947
92076
59067
64920
59853
33286
11142
76215
52134
78593
28930
61747
36659
10870
6373
93089
56513
46259
19785
22961
92563
58118
24365
98315
15611
25637
19852
48629
55138
16508
71807
78268
44116
72905
75296
47918
85772
95716
28206
63416
26194
78614
85373
72279
56169
36070
74388
46244
7760
16455
45656
88012
89581
35204
74787
94592
57825
86735
85250
91518
65154
82887
67008
75723
47167
14384
9699
14116
57586
81619
77115
55752
31686
56784
15678
52055
37201
34826
20651
75454
78802
52155
41503
57566
74510
20558
82989
53393
37154
62426
33696
88062
22965
16956
98265
73180
65108
87290
80389
83330
31733
61259
16728
41648
2627
52114
11306
55832
76450
71259
6821
30950
29148
92228
11551
2055
31882
59044
18068
83572
69840
58667
84786
69881
74033
90728
51087
88165
26223
67728
13756
16659
93949
19183
57809
63350
56570
31171
49907
78713
35229
71965
56810
31618
32150
21059
86222
34669
76387
20816
93063
4092
85624
6389
95403
97706
53036
24356
27892
95815
78585
73625
82016
4149
33464
61586
65626
27671
53551
36034
9357
15794
60665
6633
65888
80889
72491
68313
60291
83060
32114
52171
60070
29089
86043
34509
53064
68488
89662
57178
45739
93146
42231
82131
76733
58359
98166
35451
26377
10571
28780
64024
75319
85764
32838
42185
61924
86721
90807
72519
87971
14514
99638
69768
7632
19675
95335
68186
86914
48640
22952
14583
92068
7926
32094
26044
40142
90583
61000
21417
77327
84008
4850
91321
10334
56110
12285
46498
41856
9305
64969
88027
43783
8587
34653
84871
63366
37788
61878
22250
72356
69647
23206
54416
54996
41523
9176
70997
21464
13544
64904
33492
31580
49530
69853
74734
49478
92645
83146
69489
37202
37599
78714
35390
1224
46804
1563
38306
81633
7821
92292
32621
21953
51462
61569
90719
16187
39044
46585
78736
94533
38652
50682
5426
57487
41030
99808
16754
88858
49193
22489
54046
26507
37152
4627
61982
17274
20536
69823
37220
11541
90858
7503
21184
28489
95452
73783
24394
82140
64719
41913
89212
91056
67256
19453
52176
39942
30397
43994
93945
86277
43116
59773
68443
44612
67361
26350
49613
69996
58753
19968
95646
77303
37826
78782
83759
77979
78552
39891
57968
4784
43697
15487
2595
97123
10935
52214
80993
89405
57286
18028
52025
73965
92665
51171
61038
26028
77945
93614
32719
89413
21177
69420
71945
96389
31080
1301
61911
22679
38288
12144
81297
2774
3616
34553
8394
34549
76059
3624
55213
71295
75534
38972
61793
4378
57066
41035
2889
36221
23313
39235
92780
60869
88494
52255
7986
28261
51377
58413
66728
75573
6391
33549
4725
85076
27196
11944
83290
21517
57233
7347
15139
50534
93125
47021
70471
6988
35929
37136
86789
6786
51724
28773
46645
69714
4550
80550
78105
22341
79416
74488
43740
7493
18535
75984
56546
41122
8028
58478
44981
4572
66210
43218
26421
85691
41629
84960
59017
54486
83724
63311
68689
81840
37165
14443
84621
89247
62593
23476
41881
22809
95945
3598
25026
53728
60767
34719
52467
19183
72836
58302
86059
91648
39458
65010
83519
63440
5963
85017
74958
7748
45104
65916
23898
99943
30976
23607
92724
6991
48130
97258
21925
32995
53077
10514
41763
88135
99964
85560
82163
99774
28747
48930
56581
62030
73364
92507
85705
68279
63899
50622
56868
87891
6134
86217
79882
69425
63111
52437
83556
34271
20266
15023
28048
14854
5621
87792
40226
76171
90113
55441
22793
56712
91789
93577
4844
53943
79150
67613
65159
39686
36933
4438
99731
41713
74354
60937
74267
16373
4355
2152
43486
85503
53504
60257
99599
86605
50176
76920
22232
50212
90279
92674
13738
33351
96992
34959
7913
33077
2979
10896
45556
52062
20508
38852
37677
48898
95571
72907
42808
61664
72099
5516
4370
38142
33647
47878
64462
97580
60454
42862
7206
97533
79776
67480
9254
91810
31195
95191
93075
68049
3476
20425
7693
73201
98036
56828
15571
39428
57846
59533
31634
27182
24888
3911
26567
37527
78801
54622
82002
88326
54601
76488
6868
40916
43897
7397
62127
58062
76606
67777
22313
54489
54827
50742
65797
80752
88309
61833
46397
78135
50033
70358
14244
65440
68799
71540
3577
56882
31373
22484
77445
68047
4212
15262
90883
29836
28554
15837
7551
74991
89127
51066
12676
94115
73638
29122
18730
60139
17029
85168
44108
25178
90196
7750
23783
37858
70409
22413
84821
45619
49436
81588
84518
11948
42777
56082
36920
92156
21073
97383
23052
58387
26403
56977
85603
57647
72291
67373
94973
10504
11544
96019
30278
37996
40372
22604
26283
68394
18810
22353
61243
64934
45791
15467
20562
13971
76699
98384
75505
41507
32466
85545
75249
45085
61604
97470
22932
67485
50974
94606
96323
43931
3388
37000
17299
93662
1391
70853
69059
64586
55922
2597
29839
7865
99733
42130
33781
23945
46692
99129
63490
67325
5867
25218
23901
58783
95124
25830
35445
19195
61243
48322
71502
36838
62787
12775
51560
28063
80291
65128
91799
43239
19874
50756
53234
52607
73392
56002
98783
39478
86762
3010
42405
39052
57655
45201
37950
75996
22632
65173
99556
54967
1351
45929
81491
21595
25215
44726
6852
66665
69094
43670
10466
31350
14056
66176
23001
53330
76472
79742
11560
20400
99507
49077
52004
38590
24431
10803
13485
30003
80230
30402
59497
82795
32064
39376
9751
24396
79143
24740
18953
78612
94013
77947
67169
32646
14964
88727
49078
87911
48039
56463
39518
18463
92361
26343
99194
62798
1133
45611
68043
87628
90239
29402
25351
63458
38160
97186
41281
95413
93304
91490
30378
40717
8757
66305
32254
57434
31451
4826
3057
67465
2536
85127
55353
77988
77554
96173
89000
97806
60689
75902
11551
59170
59631
80987
21701
54617
99497
70604
72247
63796
29467
59305
68398
16795
41435
55980
97509
6236
99349
97237
50353
92974
60549
35473
14422
47848
97518
98519
83611
21806
41586
71520
17886
45881
54354
44809
42615
67274
7764
85146
71617
90445
24858
40799
43054
59880
12861
96627
69074
40410
17096
55791
39243
53315
59350
15950
30285
73799
71891
95717
46835
31613
45689
55362
42871
34069
86329
98083
4197
61515
36857
98521
84770
68454
56683
82954
20568
53435
93991
60417
71846
7616
97834
19896
42222
48649
71771
89964
4797
92751
34751
14876
68612
66583
69266
70273
60711
8433
89092
85308
4473
37800
33698
81386
10369
79185
33750
85218
16754
21066
21924
82657
55503
19628
18616
22092
92709
22996
62807
25470
25997
53426
34578
25906
49621
99330
79483
59604
34514
8946
30414
1888
38808
90279
98828
15005
80548
25245
45798
38814
81645
52916
78348
45761
59155
27477
46806
17521
77152
63295
10150
21939
21195
94406
14611
18147
36291
63850
41418
2177
21524
25446
28386
18456
89432
99762
54785
69687
36845
81959
22263
59963
21514
88164
73017
91217
5181
26269
84978
78063
42703
84919
69644
13307
88126
71809
48944
22113
82697
70282
68232
59910
23907
89082
3568
34342
77976
35697
64560
93659
22544
81696
78330
9838
86720
90049
29813
18391
5300
49352
84588
16588
13339
80098
81086
26562
85849
91887
13402
43009
62940
31403
86728
3669
41033
14935
41430
44931
21775
35929
95361
72360
30275
6781
70064
45833
9949
79332
24364
47457
85353
73845
85486
32328
58110
15243
49088
21143
76424
96259
44939
19707
85589
98422
8245
70017
12356
41429
72126
33599
99225
34100
37445
38659
62197
55314
83220
6686
18673
65288
36664
98455
65436
83864
93142
77303
84233
8006
77121
24196
72378
76787
7604
51943
62037
91774
27334
92345
7834
24978
30331
95012
20977
21283
88848
94706
8141
33558
78184
37399
27650
30791
51183
6272
32939
45110
90525
75746
27349
1264
49468
11423
66233
22278
25631
55396
19626
12897
49020
58339
11949
47177
71462
36959
7032
60172
84499
15922
52161
31894
17275
82577
20556
75138
24572
47580
93753
25679
78803
52590
38328
59905
46460
63039
15158
6737
41490
21118
45286
78242
47333
95275
15133
19277
52307
79252
45108
83966
21387
97107
16515
81960
76105
92341
48277
28454
96307
59897
30281
41712
54693
81237
70323
65532
90881
42033
91485
41654
38149
45897
89847
84466
8294
60501
28010
24579
74211
66455
57316
78607
43846
8154
85937
95867
73239
91236
46492
82612
52172
99747
97902
88389
2793
25234
49452
54700
61307
88577
84877
5421
66825
16097
54407
73300
65123
30936
66918
49564
16631
35552
63357
91195
54703
1636
15803
59782
15411
89444
73408
48779
20696
70555
59052
96121
43315
91573
71953
19517
18698
61116
14326
41253
59417
6388
96584
42090
6074
22491
76073
75320
36588
22670
89320
13906
32088
77033
8335
67540
52120
61902
9903
59698
40251
76894
48760
30608
39924
15197
84490
29464
46057
86062
16094
69897
54250
55694
28461
76820
77324
14501
69617
6667
37760
78202
15469
85115
45793
90084
86534
7708
92985
6867
57443
85115
99310
84601
13935
17086
69812
31313
65189
59630
59299
72546
37103
47094
29251
50198
83305
85684
9618
21392
81440
28366
6456
27479
26085
77006
49159
45191
42561
87602
96197
86208
90570
5499
90338
90852
14837
88144
29219
71428
30868
73378
88965
91734
49778
42672
7958
5793
62575
79451
7661
2007
35545
32324
70123
33838
29021
59170
3643
89632
66434
27650
58852
32388
44297
11578
98710
14496
9700
47809
62057
19620
10869
43992
10504
84986
60875
35251
90685
82325
8228
66200
27702
85512
32006
47488
68928
50799
66404
12137
2230
32384
61260
48162
77462
83075
60914
31110
71127
71058
41104
20555
6597
48246
38173
51155
10175
26749
40843
88010
33313
21098
15109
4761
41690
82448
65377
3182
19492
74295
38096
47619
21030
95814
23284
93657
71225
1335
41631
8684
67661
23017
29801
9196
19775
6214
47239
79261
57469
63257
68466
69730
24424
1755
97440
5658
42410
9917
52793
66911
96280
32313
27216
40480
58811
22360
24802
48325
63556
5623
25914
71556
33791
68210
69286
84727
28477
10262
21697
81657
99334
3122
80663
46979
45338
65972
26542
49709
70486
53882
40477
25508
15538
96981
30499
30849
75076
70304
80792
30934
34289
4116
49349
81891
17931
4942
5522
73146
43048
15120
67167
64460
6874
6324
7908
30485
67072
76441
86008
92265
88287
23806
26928
18944
27405
79196
7549
97829
99673
5310
60443
85381
26233
64214
23366
53567
19425
81262
37720
65322
48306
91655
86950
72514
6724
42546
83505
28870
11301
36158
57569
62713
27649
35545
56612
34295
97255
65349
46323
34088
21209
54759
69514
68082
66436
52093
23630
47473
51819
33419
49389
80783
91430
47695
4517
42964
19929
66738
92607
18355
85436
93465
61469
3230
41373
48887
43156
84665
9102
23769
96979
2352
55837
23628
53355
59138
79365
72290
86900
12712
87554
41055
8842
80294
92398
86061
56222
69805
5813
27741
22233
54047
11452
87741
87963
98230
9887
92286
54134
73859
98713
52344
91311
62650
10742
48507
68756
1083
86722
81906
98803
71003
19938
62672
48499
94713
74601
66217
74440
80175
99800
57639
14807
66972
53977
67864
77929
90185
18378
46733
7619
67382
26276
65561
72586
87454
77531
61126
38904
20270
26249
3272
21225
1020
8462
83991
22717
23447
60488
61010
1299
27528
45542
72872
85726
53649
90240
42837
73699
82637
43044
59304
23753
18974
78169
95072
6492
25669
72718
19754
27557
40270
27519
72592
86306
3982
14808
54342
72913
83331
16688
51154
46708
90566
90200
51086
74599
68808
57981
2908
60213
98794
71342
85267
1570
48520
27123
82631
88228
80252
95276
31204
67667
52623
55766
84642
82170
68266
7735
29112
88678
56836
44338
30713
11785
88211
66628
48956
7465
51203
68366
52403
9963
34956
80657
34566
9703
23533
54132
77085
79177
58152
59512
31949
7306
75588
12691
79845
83366
2868
5619
99225
97926
14922
45632
74559
63904
95257
16973
39307
13501
25841
54977
21030
46473
80194
80268
76004
15171
41977
4579
6559
30729
1502
71737
66696
19801
10455
29538
58630
35901
54478
53387
91545
94092
76353
45391
52464
4873
57668
7009
2604
90934
47213
24855
18041
84001
98806
43962
7832
2399
66699
75329
8996
16953
44080
50615
33968
42142
58491
45307
79150
87074
36115
64752
32495
85519
92210
46392
30397
75911
65164
88964
81786
21440
76893
85103
61947
44007
31549
32588
40827
98010
72115
59344
73110
34179
43277
87745
29150
47963
3941
95196
91332
20856
43212
54720
46466
51594
75188
19398
21451
11700
26371
42174
82068
52404
90235
33135
72911
8270
7964
94437
39953
42893
35507
46571
71914
37581
81219
63387
87759
75368
89156
3925
82941
38990
10487
25570
20514
93434
45256
87735
27971
41075
49641
61146
95446
95269
32263
23334
36619
4805
24675
58559
58766
3095
69881
94524
39145
84795
34559
9344
97956
25615
28213
35682
88634
72028
71164
77317
96783
70003
74486
66056
34232
10136
72140
33447
81079
83179
21047
19165
54210
34358
39267
49868
73795
14243
92950
45045
43899
17966
87119
83860
96380
8663
29391
73982
13667
42421
40162
61179
93159
61912
35993
13288
99224
83638
56473
29772
43151
71854
84877
63825
89433
79652
74537
6180
40059
60309
12943
74380
31917
88540
14204
52706
93168
45176
62063
32197
61995
9005
17371
76823
20997
69700
88522
86828
15471
89118
77970
81426
27967
72272
47926
82321
71543
72030
84449
68997
83603
13038
83680
77120
45601
13072
68203
65294
68484
82824
54911
92491
14319
54784
61939
56756
67566
5657
13273
11082
67222
70951
58501
69485
78480
98620
64028
39288
43052
89469
60673
15350
91953
65250
29014
85031
58365
7843
23469
78192
66916
62047
76874
29618
1535
19325
35771
84005
17859
87401
11593
32170
12355
60411
47179
43339
49525
76933
78706
58810
83034
79203
52794
58397
14853
50963
77084
35479
49603
35747
66527
21139
53561
72814
61058
62320
29129
68032
35272
45554
61268
74552
46424
61847
82318
51811
80810
75309
11283
10480
77456
80316
65800
7364
46932
23725
32611
55965
45618
47530
78502
44324
29737
47081
6119
12873
27127
73495
13877
56143
11548
7600
75256
67510
55182
3674
74568
35061
29433
70370
6963
77179
22070
31359
83799
55893
2059
44014
34905
28033
40050
19998
68908
82912
88111
60436
33442
94449
65398
88609
24288
22047
22548
78514
29128
36512
67101
89536
64692
47781
92241
49007
2706
67450
71293
17649
54350
72292
34837
13935
10156
30643
47647
34157
74216
66399
4500
50039
90052
62767
98749
87587
87039
34774
76586
54227
98840
77088
17819
36230
97465
78914
3043
95081
68894
80245
72776
14649
48127
54296
62222
68405
81486
44279
27792
13980
57653
58154
47412
47924
46339
13553
53203
4329
47542
81781
48358
31764
41633
40404
27864
86506
5666
65585
69563
76918
21547
57593
60027
11564
34046
87735
62295
37465
21204
15238
8022
50553
65072
72900
56630
22520
86857
81236
4326
3666
39470
31570
42788
6292
89027
41967
49180
85064
75029
52297
42749
55627
20347
89231
13740
92028
2849
4664
69119
5128
23531
92085
56911
96843
5222
5109
54813
5516
34594
70753
7072
68768
75929
97055
46269
26477
17542
22913
42317
82155
48012
84153
17917
52245
67299
4705
73252
30126
6666
92516
92810
35939
83236
80449
69277
4342
9047
12050
17641
40308
76177
96609
92531
11028
99973
22303
32646
47101
9477
30781
41977
68047
44325
80577
59261
99203
77513
39487
19286
71006
77708
31591
84482
93752
24693
1802
36061
83502
51077
66904
80198
14166
5568
44306
19477
56672
45436
22468
56518
61386
32116
80093
53307
47084
57408
69295
51098
65006
98490
1111
97830
52631
9973
18632
63520
46890
27108
57092
41360
32945
53184
97761
99896
4975
59784
98897
72350
2487
62446
18885
41492
43395
33156
7195
16158
80672
92134
55416
3888
62584
47089
27412
26301
98865
81441
33556
6556
56602
54948
15904
5076
57083
47014
3512
86206
83489
61280
82088
9274
90234
78637
47178
57670
13622
98093
60698
81267
36706
22777
82771
85062
48339
34699
40448
86795
19841
69106
23657
62213
48067
63146
25069
22989
7129
47511
4665
23718
68360
28050
15327
7397
58741
20052
67917
3998
82657
37831
51780
42651
72295
11596
33919
86972
43985
39736
99512
5628
44174
10312
54451
74025
20578
51470
89918
95577
45154
51890
5352
44046
30611
13618
25581
41443
68995
28538
86951
56117
33298
8849
73570
7517
72387
60592
4588
1096
46436
37141
71491
97226
74280
74248
84071
9301
87227
80930
83981
60603
98238
90421
38570
73881
44051
81690
45051
85396
69343
37984
7501
12587
15798
27118
70478
49668
84136
24875
41523
40840
70057
87581
34521
76904
75547
82343
97970
18473
13800
15038
8425
54066
27495
68860
49492
57552
19775
51745
48487
80453
43682
46976
49796
12103
1017
54139
71780
18333
64036
92270
79494
62273
88781
59440
58869
25176
70701
38213
28379
94987
57372
93372
40890
7646
35414
37962
25298
19520
52885
86121
17658
72237
74302
79515
57518
17860
38231
97956
67157
66470
33714
87555
98165
81915
4681
88690
7360
4050
86925
9515
20247
5729
97699
2854
55891
56696
77405
75030
82396
58979
61288
37286
75083
36018
44393
38665
97001
25947
55954
41321
19257
1436
96443
9637
82114
49761
85103
6193
13871
49745
51229
63911
5336
49128
40658
68350
48920
51506
98763
40018
55198
41692
56450
7312
80123
94491
80779
51751
83723
30904
57574
39713
6313
20482
49567
65632
30364
83865
5685
62333
58142
12318
41480
77245
53358
37000
6421
96010
52859
71207
42531
18855
53026
34338
53844
35881
20554
41398
42319
22393
72991
89085
5043
13377
98862
19997
52580
36129
98291
6212
65684
91851
85093
8850
22902
30961
17437
89512
60607
91889
7212
40942
28905
86448
41970
33177
37521
38132
46119
3662
77746
44789
72905
90784
85915
24603
16560
43203
73794
20720
89113
21683
79049
88833
72327
23622
66884
96563
2666
68279
80128
19321
10668
47761
33849
24768
72563
13913
24810
38317
10548
59400
51916
96183
1219
35439
26036
13815
70901
75196
15055
77228
35558
2935
7242
85262
89615
57410
20697
81179
43808
76617
6987
31734
38372
3833
17854
43632
80371
47144
5542
73123
59954
43588
66795
57447
80794
33996
1242
84765
39222
85434
14883
67019
71238
19742
38335
14583
85488
15429
37136
78390
37397
67633
57151
22829
35628
95904
55825
24511
67615
62746
50518
27008
4482
